6326
57680
23394
8831
85358
27086
10765
51111
23126
57492
2904
1859
64599
1106
57551
1788
80816
4204
6529
10716
23389
23040
58508
8452
287
51317
9969
4297
1499
1778
79718
22941
29123
1826
11011
64207
9024
23135
9378
51322
6934
7812
26053
221092
9320
1654
6323
5253
23469
23001
4849
2566
4306
3778
10787
23392
1375
112939
23112
27245
55167
4154
8408
8086
7477
197258
26115
394
5662
1209
9208
731220
7106
23181
57509
9372
6621
51177
55122
9891
8027
83473
5442
55904
8940
6874
64073
795
9338
3024
57534
55565
57758
93210
624
3690
10160
54453
9703
22999
85015
80344
23211
6730
84444
1760
7296
54903
245939
5754
10869
152518
672
29072
9043
9918
22798
221981
9901
2167
10438
85236
493901
84969
11172
5509
2108
8632
29994
114784
5310
11083
84181
