6339
126789
142678
261734
9903
9903
473
10277
54897
6725
5351
55160
23352
9923
55616
163702
10250
57190
5051
6548
2268
10076
55116
127540
58512
9204
79932
29889
4241
54933
23499
22955
6513
149465
5792
5792
9682
10420
148932
284541
200010
440590
10106
148979
1600
29929
26135
6121
5733
64123
84146
8317
8412
24
118427
1301
388662
4343
64858
204851
7812
54855
3158
400818
9659
1893
54507
29956
8991
23126
126638
6707
3570
57326
127579
23381
4209
3645
9826
115352
6708
391123
114836
336
8490
4009
57645
57645
6414
462
149041
6646
163589
777
127665
3918
9887
343450
343450
9928
23046
91156
25802
10765
10765
10765
10765
1116
5549
27042
3756
5525
284058
25782
79802
5664
8476
339501
51127
128061
8443
3964
6000
200159
51097
127623
343171
391194
343173
55657
285148
1653
81553
50618
60509
26160
165186
165186
238
238
6683
55676
57448
57448
55622
51232
6801
54497
151393
92906
90957
6546
57217
57217
130162
9736
9736
7514
7360
51449
51002
10617
29911
55037
7549
150763
23020
150771
23397
344558
10018
84910
55240
2736
339761
4648
344148
905
23518
55777
9595
151531
8502
29994
57282
1803
22837
6328
80034
6323
129446
8647
4036
11069
7273
7273
7273
7273
7273
7273
7273
54529
4430
8436
56171
9330
91526
23451
57683
10863
1371
10988
151050
26154
2335
14
255101
151295
29926
2181
55619
55619
56918
11262
81618
8527
1293
339768
389090
389090
547
25992
23178
1841
1663
27255
55209
3656
23225
152273
7155
10777
9852
4615
6331
6331
1524
55129
51099
1238
4057
22907
10201
5364
8927
63891
6405
51364
51364
7137
55193
26354
3697
776
201625
2317
8618
132204
154043
115286
4286
56650
9868
79669
131450
55779
152185
54762
57577
55254
8856
2804
54437
57493
28999
131601
22820
132243
23129
256076
30849
2047
5096
5922
256356
54464
26577
9435
29909
29909
116931
285313
285313
4154
23007
51319
10051
79740
79782
80012
339829
79929
1981
1608
4026
344905
4585
4585
4585
4585
2261
6532
152
133060
152789
152789
8310
132864
27146
1665
5099
23216
23216
57728
23244
8929
1259
285527
285527
285527
81608
5431
55236
79799
7365
7363
7363
401137
10117
152559
79725
10855
130
255743
93627
80216
133022
79633
79633
80854
55534
60592
60592
8821
54726
54798
51313
9693
7092
50859
50859
80014
80014
83891
153478
6389
6550
79844
6531
108
1501
1767
23037
23037
51151
65250
65250
9631
133558
3001
79722
65056
54557
57486
4131
23107
134288
3156
134359
10788
7060
340120
340120
4124
814
153733
51334
1456
1456
613212
51735
2661
27125
10802
4090
10902
51308
56105
23092
23092
10915
11346
11346
10146
57451
1794
6793
92181
51121
1812
64324
2870
3182
6940
5601
9945
79908
153579
55770
2651
100113407
3096
3096
10048
221656
57380
9750
8355
8365
26212
80317
5088
6046
2914
5467
221481
2740
221458
221458
5225
25862
705
705
23304
401262
202500
221409
59084
22858
577
55788
1303
26054
5238
9892
9892
4907
2045
10973
8936
3910
222545
134829
387104
387104
3908
83551
57221
4829
3097
257218
79747
23328
9113
80329
55005
23345
23345
84947
94120
94120
84624
3482
4018
56895
4301
55274
5575
221935
60
113263
221981
221806
85477
346389
55536
84668
26031
285941
1124
223075
8621
816
10268
154664
1644
908
7697
27342
64409
60681
5782
9723
5218
54467
5189
257415
22853
10095
10734
56257
729597
5649
55904
5294
5294
50640
9732
1080
79974
2918
23534
23382
51200
26958
91584
4850
64761
5645
346517
135948
135935
136051
155038
9311
64434
5799
57488
57488
55112
9172
79648
1508
6542
2267
4152
1982
55909
23221
23221
64641
8749
7994
9821
5179
55156
9650
80243
11059
115111
137682
157680
157680
26986
7227
7227
8667
6873
7373
22882
654463
654463
114
27161
9831
23513
26873
79581
23189
5991
5991
169792
6019
57589
7306
3441
54586
5646
7415
9853
971
57704
64425
9413
23137
117531
23230
9630
389763
3190
4915
23287
3376
4969
5727
5727
55363
7464
56254
138805
10880
10881
5774
4593
727
11064
4702
26740
10783
26130
26130
403341
203
80142
6418
25
7410
2220
10422
114787
25920
100132403
100132403
22982
22982
23185
10531
8872
64421
6251
8029
8027
221078
57584
25805
94134
3688
5599
5599
57705
8031
253430
221037
221037
347731
84665
79009
219699
84647
159195
7414
219654
54462
11155
5507
142827
84458
84458
84287
55361
23268
23268
79591
79803
23082
83401
54805
22984
80217
120
27250
3026
10579
642938
1793
10539
60626
338440
284203
55367
4588
4583
727897
10078
4676
85363
160298
9866
50862
55031
9645
144100
5286
10083
7166
144108
4745
57084
25841
221120
9479
120071
1132
2108
2108
5913
5795
5795
219429
390142
8501
219960
10249
390199
6809
22917
1642
1642
746
144097
79829
170589
823
6357
4053
399909
64837
10897
10897
10897
10897
57124
57124
10432
6712
6712
79703
4041
8500
22941
1717
1717
220074
51642
65987
26011
26011
5547
27314
55863
11098
10003
4544
143686
53942
79659
143884
399947
5519
4684
54970
9183
57646
120406
9159
9354
55823
64137
6653
390261
64221
54538
80071
219855
219854
29118
22997
23310
5893
7450
4839
171017
8079
10162
10162
715
2
4040
65981
55605
1272
196527
347902
51564
5213
341568
8085
8085
121268
57609
81566
81566
9498
3891
3888
23468
3071
3071
283365
341416
6490
283375
506
9880
4640
10438
6472
1368
376132
8549
89795
160335
80184
51134
196472
27340
5992
9733
283446
6311
53373
23389
340719
64426
11113
11113
51367
5027
9026
51329
10198
196383
9612
9612
9612
57647
57647
23504
22953
22953
192111
55504
6049
10810
222484
26960
23078
160851
64881
23077
1910
64062
8428
23348
54841
100533467
404785
11198
9056
60686
22985
4624
55072
79711
29082
100528064
51292
643866
9692
253959
55320
114088
81542
57544
22863
83851
23224
23224
51382
23503
87
8110
338917
83694
254173
63894
9517
9321
57718
10914
51466
79446
113146
113146
113146
390538
114791
6263
6263
161742
57617
51332
25963
57519
57519
116179
2200
51696
9101
56204
56204
6938
102
9325
10845
9187
390598
7090
83440
80153
25942
49855
2175
3603
11214
290
342132
9055
23336
79705
5046
55692
6650
8912
9894
64711
10607
7249
21
23524
360226
4992
1773
84309
84309
84309
7874
29035
92017
57496
23042
23042
79838
57020
112479
6340
5579
162083
79831
23214
6799
930
10847
9810
493829
493829
79801
85320
9683
23090
23090
1540
1540
9688
80011
84229
57567
4324
55238
766
1014
6553
79567
6560
64174
80004
80004
1013
1013
11060
23450
55697
55839
114780
161931
79786
84627
9780
2175
10381
750
55275
4643
51763
10594
10594
146760
23277
26189
51479
27043
9135
23302
9851
239
201232
5430
5430
146754
84316
1107
124751
4628
146845
57335
493901
2314
140775
22905
8834
5606
26118
9058
10615
51268
399687
4763
91603
3980
91607
55106
342618
8148
5914
83901
8687
162427
8678
7343
23131
3690
30009
84073
64847
124857
9043
54799
9256
4591
348235
2689
3384
55852
374819
23163
9400
79651
10801
124583
57674
57674
284131
1453
1453
3607
79755
79755
10403
23136
23136
284217
284217
6014
6860
57724
11201
9352
6318
55628
25759
8174
610
54760
53615
2872
58492
4782
116541
23217
1938
51588
10148
6455
729359
29128
9361
257062
2015
10908
199675
79603
79603
94025
94025
147741
54850
8666
1786
1786
81890
3949
25959
199692
7675
51710
79973
1725
65249
65249
66002
65264
23373
57794
54815
57130
57615
374897
79713
84807
284403
92283
25850
83889
83889
199720
126432
8857
163131
284323
284323
79934
116115
5673
57126
653583
100170229
7711
50862
9310
9310
11129
83987
29998
56344
93233
284359
53635
11284
284366
27180
2359
162966
90333
162967
388561
4849
147798
79042
11024
3809
199713
199713
55655
90485
10998
7053
64601
60493
128674
51575
7692
55184
57419
51126
57186
57186
140880
57136
2307
164395
9777
171023
9139
63941
2686
57644
55741
51614
3929
57148
57148
84181
4605
11047
63910
26286
85441
7179
7179
8204
1525
5651
5651
2897
2618
6526
9980
1826
4600
4731
7307
150094
150094
56894
386672
104
4047
1399
8216
8216
8216
388886
388886
388886
4744
4744
83874
51493
80832
4627
1439
27128
114794
9145
468
158
6767
2033
6721
25809
25813
9620
23151
54456
80305
55344
64109
293
5613
5634
795
55787
5256
5256
256643
8406
27197
6758
64840
4007
4007
8242
23133
7216
5207
27301
10325
347516
54413
8473
645974
340529
340533
546
55998
203447
1288
1641
51213
10178
139170
9131
139760
10495
3547
139378
9947
84631
7739
393
55558
