53828
3484
79626
4629
116931
6595
5923
2036
10985
23162
85455
7158
11215
408050
23705
5536
25820
51433
816
29888
8237
83637
55703
5738
26025
9674
83448
375387
51311
4717
123207
5422
23670
90861
399823
161176
11227
316
8500
51101
202915
4986
7161
58525
55835
5199
161394
57176
3674
51105
1794
25960
23113
84952
1387
55572
9306
338785
8879
79722
1375
60493
5592
85406
6793
8439
84034
253959
774
151246
22904
23066
57169
7403
7248
7471
55295
286046
27347
9583
9862
9856
6018
57539
375056
23181
54790
10114
90957
57478
81849
30812
199953
10891
2145
9159
90249
162394
3658
2066
10128
399687
4216
8239
3778
5332
23347
11280
23020
23304
2194
55958
26289
57620
25862
781
2533
3824
55179
6139
285175
254065
2036
57554
8295
8618
7216
254048
23504
6601
8085
5532
56853
79083
51433
6853
2686
8120
5798
2902
480
1759
100526739
27019
1654
23102
282966
51691
4041
162282
2018
58529
81796
54778
5243
23253
952
83743
3975
2356
2153
91156
79577
84909
23556
54954
9392
23272
30849
84952
8660
26058
7456
285641
22806
57565
10865
92017
114990
1010
2615
100131017
7156
26524
3914
5125
80003
4217
79659
57512
3714
5927
28960
6730
80010
51477
9531
10058
23161
221981
23122
11176
9980
84159
10765
54822
22878
6811
594
126129
6733
158399
22881
57473
66008
54919
23654
6092
11280
57221
9223
1314
57524
9772
23347
57448
23277
11113
10906
57084
4983
92154
29890
781
399967
653140
9403
23400
23504
1107
8997
54497
2734
9737
23164
64423
2314
4820
6624
79137
92689
1209
1742
10291
54413
10313
1804
2893
90990
4693
133396
81691
84451
56158
2765
64283
9742
79817
51076
55236
729262
22898
1285
401236
120425
136227
5236
9611
159195
8273
135935
1002
2735
23586
26056
57685
56946
6091
4638
7289
55325
2565
55812
8324
1016
10512
22885
83878
8654
84196
8646
23199
1793
259282
80206
63925
55339
4846
85461
94056
256536
56928
55135
23354
51085
9135
84162
653489
8897
5187
57507
729857
26046
9969
2532
79627
6293
51361
55139
55638
5829
23367
3756
26037
51761
10128
80309
6092
23370
22862
23312
57614
9814
22986
9853
115557
8880
4927
11336
57488
114882
101927581
127018
51248
9780
6653
288
4644
478
8867
4820
777
23348
8470
23001
146330
2271
50512
114798
147138
7559
10523
477
2550
56905
57575
2796
79822
83852
4306
128229
5805
57530
238
26231
83714
59352
64799
80781
672
84504
64359
134391
28982
55035
23043
7294
81035
6764
23416
114790
25960
7840
1302
23005
8658
9831
57050
29926
57470
102724560
55095
4281
9865
221937
79675
8408
9759
84669
57169
1826
23281
23131
63925
171024
23250
84612
138151
153222
9489
79977
9731
2072
84159
6002
5187
51780
375790
23095
23158
22859
51626
55966
55638
23457
56848
53349
54812
5334
51426
9922
57475
84435
23053
63893
81846
23277
577
9853
9223
3708
10725
26289
6950
8443
23185
5289
781
134492
1440
4716
23215
114783
9600
9110
8831
23284
388015
10396
8618
57142
6305
54849
6199
8812
7571
9500
118
4915
57551
84253
3633
9568
8076
1260
147923
25865
7336
85480
23526
23670
4218
401612
643836
9557
80781
284217
11199
205428
81491
6540
80184
79158
3755
90060
285331
50617
23416
30849
9509
440193
50618
22993
6603
92
347902
57565
9601
64895
55109
83878
6197
51340
80179
83860
80003
2335
64397
139189
55626
57647
1130
286204
54785
8395
5743
3560
90874
5159
23339
23358
54856
775
7249
85464
285190
84461
3482
9555
8463
55743
83746
8563
3748
9361
124565
5257
5335
54914
9922
2066
7175
8541
10869
4628
84146
57619
26173
57448
84861
57084
26234
22843
108
1292
7252
8995
5037
7216
283450
478
2915
6305
20
22941
2909
9703
10075
9743
23326
56172
3306
81492
9513
9797
3098
9678
3800
659
353274
63940
7128
9910
79955
10008
155051
143
3683
83890
7802
11005
7318
4810
23224
3364
92609
4598
283208
9064
9611
390212
9832
23556
5100
7110
283234
1277
55701
81792
23064
10849
10085
651
55028
55421
2549
9603
2733
116115
283659
22847
54878
7109
64478
120114
9439
4851
7248
146057
10057
145447
8086
90874
26010
54676
10426
1741
5926
5430
4650
23122
6711
23158
10297
7074
9049
80856
1147
1857
4528
23512
11346
5067
2260
57475
63971
9651
23304
9659
160518
4297
111
178
1951
9793
25943
84656
8664
10048
9219
29890
47
51060
253827
10093
4131
22983
9696
57554
6942
282996
26038
23031
10021
8867
23307
2319
4747
7425
2686
84340
23353
5921
4920
23030
3320
23228
10302
3082
54989
197358
64184
414062
26005
64283
390443
119765
55114
11096
85459
22898
51070
27316
144501
284353
23086
54906
2202
57664
56996
10188
56145
7701
26058
7450
7148
166647
266722
5210
8517
6584
285195
3784
163882
29899
57210
54737
10531
8805
57572
2475
23281
120114
7776
23285
286204
11138
10102
134548
9993
5962
27037
55201
8165
57605
5649
10752
23198
90957
4756
56980
9931
55326
9917
79657
11253
7018
84919
535
29855
145567
10725
23327
11190
7143
7094
1954
9778
4628
23049
57448
57188
23304
4326
10061
6046
57655
9229
2899
404220
474343
84331
4644
408050
6595
9600
83992
20
6311
282996
9839
9320
25782
5315
84926
8936
1627
6786
119
4976
6792
90990
9782
8916
2920
55214
254225
54872
10438
10263
9875
57589
7348
340277
4843
4261
285313
64800
8676
10226
2700
255104
5431
4330
163702
55037
1495
4881
114881
23389
9693
57509
23225
721
56658
9586
266722
23650
6511
57210
8325
163486
4176
84465
8654
283659
55818
84458
22852
54551
6949
2195
64430
84464
8872
23382
80820
56928
23767
6297
11183
9758
57507
6249
375790
55252
8924
3480
54790
26001
6860
8019
3748
8662
81857
3091
7075
6721
23061
10499
100101267
63971
2186
9814
2194
9778
23304
22986
10919
22997
22905
51043
6548
10989
55665
23207
3630
126308
25817
23114
23266
7204
6654
9737
9863
5297
460
492
54497
152485
5315
100506658
3306
6421
6867
2617
23136
284058
3320
9901
10787
388649
79797
3161
25865
4237
51645
7486
778
90316
144125
80835
54891
19
85441
356
26468
2342
388646
3667
1832
338699
6660
57217
93594
80071
150221
9509
57568
440804
2321
1544
2567
23308
3739
22836
55109
1004
4605
2162
80274
84034
27185
55339
84125
9665
5796
57186
23195
23066
151246
1677
9975
645191
9197
640
10058
56098
29894
22907
27340
6002
4054
54790
4040
84629
29942
57721
9619
11216
4850
1653
150726
26523
4125
9659
23074
1639
286
23654
776
6651
11113
26173
11083
8914
23352
153020
23373
7150
79009
87
55665
125875
2206
1647
152485
23504
347240
283820
1981
84726
7158
4629
8567
491
22985
3187
121536
6854
25957
996
4779
23228
161
4967
3800
9138
91966
114803
85416
389761
345456
29098
23244
55811
81543
140578
79890
55236
5783
120892
25979
5681
1456
89857
143162
51430
2202
84225
79733
10036
50617
1244
150221
55083
22993
3913
222962
22888
23636
7745
10781
115426
221937
84695
163486
23515
4776
100131017
7402
9869
57187
59269
10427
80206
8204
9639
54838
10569
79874
8395
6296
4547
8078
1659
7226
3097
22992
57679
8729
22907
57478
54943
64121
56848
9619
8100
140688
57522
1272
7466
65125
23304
8888
9778
7175
374654
5332
22997
178
4134
1314
7094
9878
10318
3983
5550
1000
1436
126282
56672
497189
22941
440275
7204
23236
8295
5802
26038
546
283638
23266
4666
25923
7384
6854
9762
64061
84446
4915
23030
84253
11273
2890
388327
28990
114803
1663
10008
79017
51735
8736
11018
10686
340351
10210
316
338
245711
9525
2120
1435
2153
2157
8973
25966
96764
1297
54476
79834
4796
23365
9321
57636
84971
285203
10162
9933
51078
6405
64787
9024
6777
6103
196527
7514
7468
8204
120114
85461
394
57480
115
114815
5886
146
25945
6296
55135
1181
51575
25962
221981
8924
5255
22937
1501
2804
1301
2353
80895
56062
8563
64718
23333
5585
1180
140775
1307
4008
8455
1314
100101267
23644
6904
2969
57524
2911
8239
26053
8535
57192
54842
145581
285220
6294
6136
27141
6613
10396
6595
23001
130507
85442
9645
9737
57584
26160
10129
23309
282974
2306
5518
5211
57596
10612
3800
55799
5066
9829
29
51241
3594
8323
339768
85480
126393
57194
196441
195827
341116
3684
59341
23165
4486
79650
54900
23609
10495
1293
64759
23417
90987
51542
50940
54954
23272
23240
94137
9381
23046
56548
64746
8854
115948
8315
7733
2720
79990
84249
148741
116496
54737
7776
64430
59269
23036
84669
253725
140710
8425
26073
9777
27102
23354
5327
56098
7841
1659
22907
23268
27125
400966
775
55870
57662
3276
129080
2309
9427
9718
6733
6900
57473
25861
23277
9699
57475
23187
11083
144100
23370
84181
5335
10277
27327
399687
64101
84530
28964
55294
84251
3609
128817
3111
10944
51520
23420
23255
3054
23025
10902
9110
57584
2036
408050
3069
10391
5546
5252
6421
8887
37
11180
23136
480
22848
83637
915
220081
59272
93649
64184
10741
29994
27148
83890
134829
64799
56916
10111
338
4159
4923
117283
4917
55835
170690
10886
84916
55770
54538
22850
31
23140
55814
113622
9321
4129
1890
1573
8715
80347
29062
11011
79990
4281
9276
286410
80179
9639
375775
6329
8425
1952
23036
170961
4649
6482
79625
55129
55788
7016
56107
23361
23332
2804
2064
1463
54617
84220
55252
26046
29969
26039
85443
6400
51222
10607
23254
10079
80853
8239
9448
11190
84435
10128
160518
776
51761
23304
57553
1639
221037
84861
7086
153769
57544
3609
781
9450
79056
60675
11215
22983
8618
114783
23345
23316
9110
152485
6653
5310
64753
54407
5315
84867
10892
57658
26133
2891
124925
2890
26059
5738
100134934
79822
6579
5158
6277
152100
23041
10388
30833
137814
8481
23274
10347
10343
10901
5054
189
9903
401024
9611
163175
11044
11060
200014
50940
23293
23303
64324
1387
85376
27115
8564
1736
55666
80308
5588
389072
54455
22849
219699
9734
54537
7248
51455
1280
286204
728763
7403
23199
84669
28951
80820
284111
220972
114786
26091
54816
6239
10114
5787
23335
55636
1463
56980
7837
81849
80856
9427
23038
5782
23109
222950
5067
124245
6830
8914
51199
5332
23370
57553
22862
9203
7750
55729
9772
23271
10801
57504
55294
26504
91039
2043
4633
128408
8926
288
22983
490
23215
57198
130507
10396
2036
1213
23025
9839
5660
6714
89941
84570
25957
996
2893
23544
64319
23368
9901
80763
5519
81691
55008
56158
2877
5422
23007
113178
151888
51281
1179
5243
114780
55204
65983
55290
388646
254251
613
26503
123722
1495
79733
4952
23389
64682
25925
114827
23240
23308
5525
90527
10781
4861
56262
23034
114885
56920
22877
8654
85462
56981
259282
9372
23223
57453
79659
64397
23511
10715
55129
10235
79874
26276
1496
5253
23158
2064
23095
25992
9462
85301
6326
22859
83482
8463
11253
5583
9427
91404
56479
5338
64599
23258
8189
10178
1282
57585
5335
8239
8455
23312
26037
160851
57188
7857
114134
10444
153769
3786
9451
58493
8407
80306
57096
23139
23001
144535
57554
347240
2316
8925
64753
23162
8470
1386
51606
22902
55596
4137
84445
9701
54413
2778
23380
2550
5433
6891
1001
56135
282966
79017
54456
374786
5132
137814
64799
10723
9859
79987
3234
54900
23609
84911
57710
10788
1553
831
54954
283358
4952
2318
57492
7450
114827
57514
266722
203228
54946
66036
5188
57153
84376
64844
84542
79830
7225
151556
84444
5125
5927
774
80206
57169
3321
6329
3593
9868
27347
1384
26035
9990
54434
9612
9739
285190
8242
9758
57592
8924
23239
84060
2295
6196
120
6400
56897
114785
26013
57630
10277
89797
11190
57614
29998
55757
6093
11083
776
57680
160851
23040
9962
5063
56907
57709
23545
9905
2315
253827
6208
283820
8831
23031
23284
1660
777
8925
23139
23345
85455
152485
2962
1958
5518
10291
29888
6498
23380
1182
84253
3320
2550
10911
1654
10009
51284
28984
130106
4033
5288
58189
29920
8816
50628
131544
5101
340481
93010
4154
55247
80184
64759
7189
823
96764
93594
4952
89845
54986
1306
7082
440193
4086
80818
2937
26002
10781
54756
84542
7091
80314
23213
64926
10153
57520
118461
23066
85445
23060
286204
23511
3714
2840
10970
27439
10569
55295
56141
26750
9866
23181
9758
57679
5784
57592
84461
8897
123606
54890
23769
5295
145407
84231
55088
320
54862
2194
8913
7175
324
3064
57188
51199
9448
57585
84181
6453
54914
326
91775
23179
55737
56850
23545
199675
283420
10962
23284
65217
4666
8661
8476
8925
1108
9625
5297
51520
57498
4747
2306
10963
9001
23321
6786
11180
4920
57178
2185
23762
3456
254225
1376
23683
132203
10008
259232
11099
10242
390058
5837
1825
440279
80816
245711
59342
374618
55103
6708
126206
2139
79571
23381
2735
54476
58508
440804
197131
1284
79670
11035
23190
23636
220108
55810
5588
118611
5832
7976
3799
23251
4790
23135
57187
10057
9869
286204
23511
171024
57479
51507
65220
10056
9818
9277
399979
26267
6002
57605
9969
10752
1301
23095
9282
83481
57414
55297
9091
5007
2145
129285
10527
9728
3756
65125
221037
8913
8871
7750
577
11190
57619
8411
8943
57448
2066
221692
50614
4927
23179
3609
285368
5300
56672
8815
2734
491
9126
6262
23139
22941
6709
116986
64753
9696
1107
4209
10659
55262
10777
9513
1209
64319
8751
54972
9746
57062
285126
84085
84140
93649
152100
6167
140803
54456
93190
54898
8842
160428
440279
57538
1264
1142
4598
3852
57451
92126
79109
6338
151887
51542
96764
5493
344148
23389
57523
129446
79171
3859
25793
55810
10746
115426
4017
11132
84695
196527
57476
5139
9372
54542
64397
57186
1795
23281
8425
57722
9573
55295
374897
6578
23354
135112
222255
6002
7249
3899
9739
375056
23152
2064
729857
573
54386
2982
6801
64921
23338
162394
7075
26050
9659
9699
10128
23505
26173
8239
9814
26037
23312
25943
23112
9922
50614
7629
8893
92255
9961
56850
7136
969
1349
6653
8661
460
152485
2904
285175
7916
8567
8295
4131
4898
950
81602
211
201255
3833
84340
6792
3098
6314
2060
22824
9535
56125
239
65981
10440
2877
26019
64283
142679
144717
55753
84073
8714
19
26119
65094
26468
9429
7145
9821
4688
143570
219736
393
26064
55628
3603
57597
8021
284434
4883
5663
54659
51078
369
84182
3784
200010
56920
148741
10083
10153
10013
8425
54904
23082
286204
59269
118461
57512
8576
146705
8930
79780
9061
8821
116987
23037
27125
57582
57578
65059
22878
26115
2802
2849
26108
57338
51361
22821
3835
162394
23677
57556
79567
111
29998
9887
6453
2317
1951
26053
114788
63976
79784
23074
196463
5358
55174
1859
9382
23350
147744
55179
4716
547
116986
283820
478
21
492
8618
10021
7916
5297
576
18
207
25769
55342
2686
84445
3320
23030
54413
353274
9258
51023
3566
60625
9894
51738
4818
54505
140803
342510
254359
57167
152831
57728
50939
79176
2120
387763
317719
1729
1832
1549
84126
728194
8496
729830
22982
3691
344905
283234
22993
3299
10085
4086
11226
55421
4318
4594
25926
11127
7225
5046
83860
5927
23461
57453
56981
25998
8499
63925
85445
54838
5327
9818
23276
84315
9690
9135
26115
57539
51742
57455
55777
55870
146206
23239
54840
64149
4520
7844
8065
3954
5338
51061
22880
9772
5097
9699
55809
10128
23200
6651
8189
1786
8202
57585
10725
339398
6538
64318
55726
9229
9688
143678
3592
11258
23031
9378
9858
8085
4131
10021
55832
254065
478
5297
9256
55929
100506658
25799
57124
9899
9762
8916
7786
8751
5708
23380
8620
10224
140831
348654
706
6742
1287
2065
338661
125963
55236
9510
7174
57716
81621
23378
79581
3852
23166
7373
115399
147741
64579
367
56996
64682
57690
23450
89845
4301
29948
2178
9586
8444
55810
2549
338440
55109
57599
84196
163782
7015
23036
22853
8204
55818
1795
84669
387680
4649
3726
80342
9993
8161
134548
89910
139411
10765
8897
25992
4645
1463
158471
1301
57478
7494
2128
1653
22821
2800
9988
7466
26958
3977
3064
11113
26173
8541
160851
9814
4628
9748
8506
9922
22986
178
54993
54700
4524
23108
23028
7461
51272
23562
55004
57731
9031
1107
83992
1063
22985
9645
9378
57498
8476
9839
10768
8942
818
6252
6421
9900
2901
5707
57575
22848
11180
392399
1187
7738
146547
56158
467
3673
55811
149297
170825
157769
100507290
3911
25942
10555
6996
2551
6531
283149
112
65056
205564
393
79960
55124
5793
89796
7701
9321
23269
55254
22806
100532731
169841
80347
1003
6929
8727
55015
7010
114818
26018
23285
57512
23310
1793
63925
6329
79659
54014
9125
25920
113263
9975
8395
7223
23426
9969
8729
4798
10752
5924
221981
6002
10497
3623
55081
56897
6574
102
54847
54812
389677
51564
776
84181
63976
8411
2911
57188
64411
10869
23613
23020
1307
10277
116154
9108
92255
55153
30000
23175
123904
56287
3017
65217
54806
144535
5297
9881
282996
2316
9696
4820
57142
10902
55061
207
23481
201255
22920
1620
11273
1182
5738
9746
115703
254863
8626
54714
29066
115650
10410
9902
201625
3604
27094
7173
3684
10347
85459
51058
2342
84900
142686
64848
23166
5498
93233
163259
8496
846
114827
23262
64324
57523
23072
2937
956
202500
64788
79058
10020
1836
4017
64895
117246
83860
1540
51455
7402
6558
9204
9665
54014
56981
57187
390916
9868
55346
8537
5327
3842
84498
85301
8527
55160
10114
27340
6508
9612
9646
55326
23008
55720
84231
51517
5580
6650
55763
3996
5097
577
56776
10725
7750
1307
6830
3064
57585
22862
3376
4622
117178
84530
9219
23108
100131827
23032
339229
387849
728392
8672
23420
23504
10021
1822
5297
22983
57142
8831
2909
65217
55274
7360
5917
9762
57658
7415
23228
6314
23762
4659
57178
8409
28990
64218
3508
7975
2765
57589
3645
85509
201299
57758
161176
83696
22898
10251
200734
9177
23080
6708
51430
143888
63935
9810
5754
54476
8660
9509
5980
84172
7644
2113
84662
23636
10133
7535
79990
283849
1010
7398
26524
9683
1894
3321
8911
57520
51455
286204
79659
55127
57479
2781
55879
90874
5875
84450
80852
55656
22859
10594
6261
9282
6334
153090
54822
4926
10244
57120
123720
55139
221092
55720
54805
51564
5585
9659
51199
10919
160518
23505
253461
8455
11280
9778
577
4216
10178
57102
55182
54888
51692
5900
387104
375791
344022
7905
9320
10021
7216
4130
26999
7267
576
54477
491
23469
1213
22948
1363
57030
10446
201255
5909
9901
9678
5414
2892
8848
6759
5321
254225
118491
55194
26472
196441
11099
924
138881
115752
8312
5783
3909
6809
49
54457
317719
57688
64848
285
84129
56145
29761
51542
23303
58508
23279
6840
150221
10085
57172
311
202018
8697
5352
25854
23034
256691
114818
56134
4641
4864
54904
9439
51059
23281
22852
57661
54014
90025
501
27347
4774
5327
7798
10058
26046
2802
22998
3097
23261
6326
8527
9739
29086
55751
55288
7090
80210
2982
90249
114785
5585
2911
63971
26030
23654
7143
79567
23061
23112
9448
57475
9699
90134
84258
7857
6049
54870
285590
343450
112744
134266
11075
6305
23504
23139
57731
5923
26160
9625
57198
51520
7916
56899
950
23646
84894
2621
4135
351
480
7786
16
2185
114823
440163
23456
1260
401399
128229
78996
23007
5205
2018
100125288
83756
10723
10721
122402
81542
80326
147699
5357
80208
6331
8685
54536
27134
64601
55094
57690
23272
80144
113622
114827
93109
7054
10162
2110
55171
64412
1003
79990
5122
219699
57476
148741
4217
774
55127
6558
84669
7468
23060
57661
145447
79780
3749
81610
51428
29941
255928
85358
65059
57592
7994
118987
5187
6239
8826
6094
55966
9066
56897
56666
5583
5334
9632
348980
51366
4008
8202
100101267
1951
80312
6651
9651
26173
10178
9700
9699
1408
9852
6049
321
781
55291
284485
50856
54205
2316
26038
1660
9737
23162
9743
23469
23504
57731
283820
4629
9908
6505
23048
55184
996
2617
1759
23380
3745
10523
92521
5437
5151
550631
5167
27230
254439
143
545
399949
83714
6773
84720
57623
25909
81542
4935
8520
79842
159195
23513
79053
4311
55231
65123
50940
23450
85376
10743
9895
57580
81928
341359
651746
51078
252983
84164
6197
64412
2162
23251
64926
57476
84458
23131
23511
54549
7776
23135
9869
10580
4170
84892
25920
8036
27347
80201
64132
57679
55252
80014
10594
56980
29072
4627
3097
112936
11255
145407
23038
55139
51776
114791
54453
121256
26030
8202
11083
7750
8506
776
9748
8912
2975
57513
23347
221037
57610
56965
26504
25903
64062
23207
181
1945
1349
9645
83992
4898
65268
5310
23164
144535
21
4629
5297
9378
29106
9118
53358
3192
84570
3833
9829
9258
2902
5707
2891
64928
5321
26167
401387
84269
51042
10388
57545
43849
11270
55388
5145
5069
9669
3422
4597
23464
257240
80184
84239
65056
54916
337876
55124
79960
23240
146177
64864
26058
23389
5062
79027
126321
102724560
338322
11127
23598
4281
56920
4790
2895
56134
84125
63925
10580
23033
23250
171024
23131
5091
10715
27005
640
9061
256536
2048
55823
1278
54843
84159
23239
25992
9931
56980
153090
5549
54890
57154
2011
10806
64718
56479
9706
55763
11113
1307
1786
7175
57585
8239
51366
8888
9515
6092
9700
55757
5358
8148
726
8570
57732
57703
6726
3203
140606
288
130507
10514
114783
57142
2904
55832
440275
283820
23307
21
2962
729956
140894
7415
1114
55175
4967
2892
22930
2914
161
10551
9360
6891
206338
345456
653808
143
4703
143471
6382
479
57758
4646
55779
127534
89777
3621
80173
1294
79705
3929
23259
8509
57113
2015
8658
9353
7057
55083
3691
56658
114034
84318
79058
329
200010
84182
79990
118611
23133
7015
5981
286204
1130
23131
59269
5362
9726
23066
171024
51451
9531
134548
5875
65220
3340
3978
5784
10765
6239
7074
10752
727957
23152
5255
127700
57136
8310
405
55030
23457
80760
1180
116443
29998
81846
8202
79567
8189
23347
8411
144100
57680
7143
23277
2317
66000
57610
3703
25903
1000
27072
149699
65999
3925
23309
9110
388015
23379
114783
10129
1822
5802
2316
6305
23348
146330
2962
523
10521
57596
10291
55703
4753
477
8473
79739
27190
56133
9333
56102
121355
6742
1287
4288
402117
84524
54891
25897
100499483
55215
4159
374618
2842
8629
79443
4853
280
56257
55357
367
487
23072
55619
157285
114827
89796
4883
83987
347902
222229
6646
56262
26060
23595
84501
89887
79675
7290
64478
7407
55127
84669
51455
6522
58499
5927
51507
79780
25920
5327
23382
134430
135112
7155
23242
27340
653489
23013
57683
1612
5784
29070
201191
4520
28231
23333
8100
26958
23286
4141
10128
6093
440073
57475
160851
8943
23019
23312
23187
63893
22990
253461
2817
23229
114804
27352
65083
283373
283869
51208
11258
4820
10396
57498
460
777
285175
9043
7216
5297
54477
55607
7360
23646
5518
11231
9513
10443
160
4915
2185
3308
55700
57804
81691
200958
7579
219938
345456
6614
3645
29984
6688
80835
83416
80169
8243
952
93010
5937
54903
51430
143162
2936
79836
1002
163259
83844
440193
54986
9736
7082
221935
203228
3859
25793
57567
329
114885
29899
22868
2162
165186
196527
7225
23461
10057
8204
259282
5796
9372
171023
9665
404093
79780
9975
2870
9985
57591
64210
29894
1301
5787
5287
5187
23355
2324
4798
65989
56659
54620
23109
64718
146664
4125
1310
55088
26030
11190
55605
111
160851
9700
80309
8455
51761
57619
7094
8239
9776
51667
9146
8443
57649
23207
2168
8822
54942
9858
5310
23245
9737
23400
7204
9696
460
5802
51520
83992
79012
30846
26088
25904
9053
29888
3633
1182
5066
9829
4659
392465
6891
150763
6560
10741
51738
27148
23090
55863
29777
57020
701
80816
100652824
27071
92609
221154
5357
170690
51430
80381
83642
3674
6553
23384
1794
58508
344148
50618
9765
122618
5208
100532731
10133
65244
1003
23034
3104
115426
5394
10749
55226
55127
57493
58499
1280
5796
5927
9968
6323
91603
27102
27347
10513
131034
51111
51663
23181
55209
5428
80124
57582
23261
9590
9646
5549
7545
27336
1837
56922
28231
222950
22906
10501
54914
2186
493
7750
23352
204851
6621
23644
8541
8888
22997
7175
196463
23302
55740
345895
5514
5190
6726
58496
53820
23284
6654
130507
5297
2036
4820
1778
285175
64423
57198
6601
27339
79085
84447
80790
201255
4905
5834
26025
5414
480
4685
158046
64398
256643
25865
221044
644994
201625
1756
9363
170825
3678
54532
10347
80205
119692
117283
387763
2140
170690
143162
5521
59350
26064
54954
91010
25925
3915
146059
7057
84172
81928
3299
222962
60681
165918
57210
11108
79755
54455
133522
79675
54737
10013
55704
63925
79572
1952
7403
23223
8499
23635
8139
10691
27037
55129
23161
9871
463
26115
23198
9590
10765
146206
3897
23301
26001
90507
55743
23168
29110
145407
3416
348980
140775
577
22986
399687
8239
23271
114788
204851
23258
51366
9651
9748
64411
6538
2794
284352
23265
9229
27044
54958
126308
10923
23400
23309
546
6305
85442
4133
23504
9839
57142
65268
64423
22948
8942
51163
57628
2181
3797
9138
9568
8473
5707
346389
114926
7738
127707
54465
4237
51237
374786
545
79074
10686
64799
51281
4607
9669
79927
133619
7042
201626
2956
23166
80381
10004
51105
7410
26512
54986
63035
6840
51585
4647
130557
27248
22806
92922
7182
146850
57210
55095
64793
2822
89887
8449
4864
387680
56981
1106
140710
340990
23036
7468
79608
5743
8086
79977
27324
2618
51663
80351
55345
64221
23198
153090
54617
90957
23268
57332
57136
56919
114884
6196
4850
114791
9507
6787
4035
23352
2911
23112
4008
57614
3778
161436
29123
23271
89797
26130
6538
8881
79745
26155
285220
9663
404220
339456
1410
9677
9858
254065
23001
8295
285175
2909
2036
23348
282996
9600
10130
10616
26088
2181
6493
7415
4744
659
2892
2778
4920
388533
730087
3690
5933
155051
1396
4033
4041
113178
389799
9510
25888
1281
4810
3364
57057
3975
84911
9648
6499
10043
5073
55124
8829
51230
7701
30849
53353
9732
80036
4129
219
9306
84823
55810
80314
64097
92017
2908
9013
84343
286410
84953
7248
5927
54542
387680
7109
23199
58499
131601
4774
5327
116447
79898
7804
9708
4926
6249
1659
54843
23248
27340
253260
8864
221477
55751
79657
84547
10716
2309
27133
149041
5829
6621
57585
79784
23654
23074
26030
84181
8943
317
81846
8239
9203
50650
84895
673
23221
129049
55627
494143
56287
23568
6653
64423
2314
7158
6311
9881
254048
55832
9839
2036
6305
140885
54623
5058
50
9001
1114
5921
10523
10313
2185
57178
123264
60560
132660
50636
282966
85013
196528
3673
284369
55166
64127
51754
9940
57716
11162
6996
145282
6583
5331
23460
55790
23288
729830
26064
285331
197131
89845
283234
57636
23072
51530
219
10948
84081
79968
7733
56262
6405
5612
2046
55133
10749
23066
23195
728763
120114
57537
23371
56981
8425
79701
78999
26276
146705
5962
221061
255928
85358
25930
3096
5649
23037
55345
22907
10594
51274
54890
55229
83746
116983
342979
4302
10915
6721
9515
26037
9651
4297
23061
8411
22986
23277
4035
79567
11083
2058
140467
4326
2934
10087
55665
57496
374969
3592
8337
3069
65268
64753
8295
8618
6262
9126
54806
8831
478
440275
817
784
25999
8745
10612
23321
9258
5662
114823
3320
10525
1907
54714
3818
2986
126382
128229
150709
10388
2018
5432
26084
344805
64800
23130
81848
65094
95
8326
5727
1770
921
51317
83844
8028
55698
8660
1244
55814
1303
116984
23308
55572
7358
373
7535
30011
116115
2162
117289
57562
60509
55133
57187
10057
8911
139189
1795
57512
57521
6323
92912
7016
8086
640
6051
55656
9708
9475
5926
57507
2064
54856
23248
26046
54843
23209
1650
8563
115727
10155
54480
4125
54462
401145
8455
23277
65125
111
51761
81846
90113
8888
3778
29998
27253
144100
56975
1780
29911
345079
5775
2899
5283
4901
1349
23469
10129
492
23379
8997
388015
85455
65268
6601
1063
777
1386
3157
92689
4779
10181
84446
79739
5921
22883
26059
22930
94239
127707
1376
64900
414062
632
57194
55811
51013
148581
84079
147945
64857
80205
10555
13
122809
6814
65266
10351
390212
10747
8496
51542
64780
60676
64682
89796
2073
55701
208
9376
8797
3425
57489
2192
115548
118611
64412
8622
10466
9276
10427
84464
7407
5930
23135
1289
23082
9204
54148
340526
10056
2870
10569
79677
10025
83481
27031
10297
29072
91752
10765
6249
55345
53829
27429
57139
55229
3748
79657
29855
26013
55763
23258
324
26130
8506
10869
8621
29998
23049
51761
64411
57614
26053
782
54681
57181
64145
5774
23500
389084
54466
9349
65217
22941
9839
7916
254065
23031
8085
23139
6942
9126
103
29106
84364
84447
10777
6732
10446
346389
9701
23762
2550
124925
54344
9910
3566
360023
57819
84337
4214
1756
84066
387521
10517
9860
11177
79848
2487
1369
54900
254187
132884
23294
54555
314
745
10335
56101
25925
54877
1794
344905
440193
57050
27115
1573
441151
7182
91949
4281
10484
7813
116496
8975
22877
57169
4649
64478
120114
57572
1106
1826
23131
147015
27005
55054
23767
81610
84498
8078
8518
23158
8897
6239
9866
22937
57507
23248
29969
55297
80210
23076
56919
7018
27133
2889
51426
55729
3778
23613
23644
8239
1314
26130
1282
26037
56776
57448
9778
60494
1478
6925
23185
84674
83752
153339
85437
5355
3054
1660
9645
440275
6262
9743
23307
23164
9031
5297
83992
3059
5128
65082
10291
10892
8745
10808
9568
10992
56905
4685
254863
8578
163131
55130
56246
2958
1287
399909
338661
51107
157769
284418
23331
116985
7351
9830
85007
81622
9843
80184
10043
63935
23022
6764
22850
146177
3915
157285
8658
57690
219
22888
54946
10643
8659
116115
10634
23397
6929
5046
9013
84034
56999
5927
1795
340990
84125
8911
7403
1130
8576
9583
220972
6578
25945
57535
84229
158471
9730
57679
7249
55719
23013
8924
23125
2331
55297
80705
51222
85443
80232
2260
2913
142
9922
23347
178
84435
2186
9472
23074
57634
57680
6585
3064
90113
55140
6529
9877
10730
6546
2917
3441
80117
4062
6654
9378
283638
8085
57498
9256
114783
9737
23400
144535
23236
8522
221002
84448
84256
10939
10446
4915
477
8120
11180
8751
56477
3818
8288
3676
7327
467
8647
8642
11159
26589
54922
55366
6299
55728
753
5973
6123
27097
57710
221178
92906
10640
54538
9810
64780
57540
9202
1306
26056
57580
140883
147929
132671
329
54799
55015
4174
57140
10484
10566
205147
29967
23461
6522
54549
6323
56995
84458
84669
2475
11222
23767
78999
22908
83861
23339
192669
6586
57582
55252
80014
2802
55102
118987
9758
54943
29760
55288
1147
55030
10891
114785
10180
284252
100101267
57475
63976
23187
26030
26173
1639
79784
6093
65125
23077
81846
1737
55680
151613
1855
50485
10147
134701
100129480
9349
2904
8867
9881
26160
23245
10129
1108
23469
7267
283820
10902
60682
1196
3454
10446
9053
53981
9343
23544
5798
1759
3308
10911
83852
9910
27130
10538
346
4033
151056
55863
148932
639
344805
55728
80169
5449
9525
139735
9014
55035
23247
55790
1374
8496
84640
55898
23293
57580
721
9202
84627
64850
23308
83987
57489
90379
84249
9603
64760
51088
11196
5293
8874
1106
7799
5125
23116
57520
171024
23033
84464
26073
6051
79625
140890
6578
56107
1186
8729
57683
8603
10765
23335
727957
23037
23095
92579
7043
28231
6733
158399
84547
3977
51426
10846
111
51199
57609
6585
157680
11113
8914
23505
9651
29123
22990
3778
55140
153020
4185
55153
22803
57496
8988
80117
54205
473
1108
9110
492
9256
26960
9828
9863
23215
23504
26999
1386
9057
10482
9921
57596
6252
1182
1938
26470
22839
9967
613227
6891
4057
27130
256302
56246
4703
3791
29099
341116
643836
5145
10721
80169
83886
1395
5024
55103
10257
3679
51622
6338
56138
5586
7410
7862
84952
23269
57519
57523
5062
84971
83874
64784
734
1004
5884
4281
9543
54535
2037
54468
63925
23223
54551
3321
4851
774
23035
140710
5603
94005
9546
90956
4089
4684
26009
8603
57539
118987
55209
23242
23355
55719
56980
1852
3105
115727
11253
81857
10155
56957
9738
80737
56776
27253
56252
22986
10919
1786
54914
26037
1282
23074
9793
57513
2729
7586
25921
54861
114882
79048
401207
389073
5121
8927
5297
6654
9703
54806
473
9625
3069
130507
23025
57584
2962
117
9063
1499
55175
23353
3800
8525
10125
56905
2550
6155
8578
3792
9937
57819
51042
54454
10388
963
340595
100507290
84071
100652824
116985
8092
2342
374618
130940
5431
7373
403341
80332
57337
79974
5922
9895
3912
4301
57597
80144
6509
9306
84519
6242
2589
7091
11127
1184
4281
54737
9989
4839
728763
80731
114815
120114
23285
23250
257218
2195
2957
645191
27037
51428
124401
7841
8165
84162
10765
9931
727957
23301
55806
7994
26046
94097
54890
2145
140688
10891
57139
1272
23214
116988
5256
63971
89797
114788
23327
7750
3778
317
23020
204851
26173
9223
56965
10625
65979
9915
57663
2034
9616
56287
23710
26160
6709
6942
65268
3069
1213
4666
23379
57148
23400
23025
950
26012
4771
388662
322
5582
79739
5168
123745
22839
5738
94239
631
270
118491
2647
50852
253714
4703
51013
27094
25897
7173
9169
4607
64063
283726
64359
221302
170690
3075
3839
3696
23586
55231
23264
150221
1306
1244
9918
146059
84662
57460
347902
114770
8224
7398
7064
6197
1003
8313
26524
9752
64478
394
84458
3321
2475
23511
55818
23285
54663
8939
27005
5096
8086
26750
56105
2802
1362
11176
8518
23125
23358
153090
8527
2109
81628
221092
57338
51112
64921
9958
54805
132864
27253
22862
9778
1307
9887
80312
5256
9659
23112
577
324
57513
22905
26168
56907
54487
83752
23149
143941
115123
723790
9696
254048
57584
408050
23379
283638
130507
8618
2314
440275
25782
1431
3760
84894
51433
3326
351
8663
3798
23762
2892
3745
378708
56125
6927
339768
353
145957
259232
24137
124446
283600
57020
290
55183
55215
79650
147339
256394
90293
6708
259308
5498
9252
64434
23105
8509
197131
23046
23389
79937
60676
55254
10425
22888
2147
10133
25854
2192
10312
11063
57562
94026
8975
140710
114815
170961
1952
51059
7248
9439
55626
57406
79625
55054
9277
374897
51663
56204
90668
23198
4650
2033
51780
80014
57683
375056
53829
594
56848
3984
22881
4076
23214
9493
10180
7143
9651
161436
6651
26173
23074
55904
57513
90134
25758
84435
4622
8880
6545
9844
23185
84251
1315
140856
79669
23741
65217
23345
23348
288
23162
22941
388015
6709
6942
1107
57584
23646
2962
57469
9899
25957
1620
16
11273
5834
22820
3320
116461
7047
64421
55732
2980
117581
162282
4033
11015
4223
701
81796
3918
5069
202051
283726
168391
6814
3720
55582
340260
79882
55231
64579
131096
89796
1794
57597
1284
23293
54946
55254
338785
329
55171
57153
11132
1305
9543
7290
6103
83857
1952
25885
7407
23131
23199
1826
79572
9372
91252
9777
5875
114786
3560
89910
80201
9590
23158
575
1362
55777
3097
5795
5430
51274
989
158399
9427
57139
5782
5585
23196
26523
84146
4035
27327
84435
5097
55757
55809
23040
11280
2194
8871
4297
440
57504
10914
26000
343990
80012
554251
200728
5478
26038
8567
21
283638
254048
23255
9625
9256
54806
57584
5178
8942
56853
6506
816
6493
29888
284058
5168
2778
8120
22883
2644
57786
166793
27136
6038
10438
196441
64283
2483
246243
29958
136332
79987
9169
8092
374618
10667
8526
389840
1770
54482
58504
7771
5754
114790
27
22897
440804
23240
4647
10849
57821
129642
23315
6907
10512
27330
64097
64412
23344
5293
54468
57493
23033
8911
5091
1826
23116
57569
80003
1948
56929
9546
4335
7016
5290
8615
80014
10752
7994
5428
9739
85464
57507
23523
1891
1650
80210
56919
9988
85015
1310
22906
55683
6904
29123
23352
79567
11083
57614
81846
10919
4622
23613
56252
23505
7586
196463
55737
10131
23241
22870
100507055
3592
6613
116986
440275
5178
6942
23420
2734
23266
23215
23001
57731
64753
55061
950
9823
23305
8604
201255
9747
5066
5921
8237
8916
80218
5519
85416
54872
51806
152100
2065
4288
51661
417
57020
54778
4607
9497
122616
283742
327657
53832
23094
57688
126669
10926
10036
91010
10188
23072
84172
9578
57519
54877
132671
338785
222962
151393
10865
11132
5451
92017
9603
10531
79830
3572
84458
22853
23116
23036
10013
51059
5361
80731
94056
10691
2870
84315
197322
5141
8828
6002
29072
3096
8527
7226
11176
57455
10579
1891
54386
53349
2011
26137
10483
2322
5799
55250
157680
9203
9651
8648
23074
114788
23053
10499
8541
63971
23187
23112
51386
1780
51474
728642
5289
8450
143678
200634
6205
4898
22983
1778
26047
23139
26999
6601
10075
1107
23162
7158
5526
10858
7425
3833
5214
905
5066
57231
3308
23623
8525
91966
91624
150763
146212
83544
57001
57545
8647
123228
84236
6773
55827
3371
100652824
2208
56649
8520
51362
170690
1464
148
84916
83844
91010
10509
55701
3915
85376
114
4796
57050
81928
246269
10643
84823
2733
283489
127544
84164
133746
9759
89887
7776
2335
5591
84464
23135
6558
84125
9665
90025
55879
25920
8930
7030
139411
51752
9757
57662
23335
8242
9475
29072
2905
4650
187
4055
9066
85476
10607
65998
23362
114799
57630
27043
57448
8411
57619
8202
2194
6904
8888
54914
26173
57585
9887
6185
54700
147991
1006
285590
10194
150677
56672
8655
2036
6601
2734
8925
6653
491
254048
23400
3054
116931
11215
146330
817
55735
7343
4905
23396
23136
23368
9782
9258
5213
646480
716
4025
10024
10438
8820
140469
9332
283897
64102
64770
4791
672
4360
128338
79576
1142
5357
22984
10290
8565
314
55622
23381
5100
80036
376940
57597
55083
7057
5071
8517
201243
80347
7566
64097
283849
1305
9024
338707
283659
10500
58499
9639
84464
23135
9372
80003
340990
6329
51562
374897
2590
4335
5327
23231
51663
9826
90668
375056
9730
51755
51780
54822
5787
9255
594
4528
22821
57154
23038
4141
54919
203522
4622
2194
8621
10869
7143
9778
6453
79784
8913
23053
4134
23040
55140
5358
92737
28964
5289
2899
200523
55330
4830
9863
54806
285175
64753
2904
4131
114783
23400
8618
10514
23255
51606
5034
51163
23154
5211
25791
9701
54972
2550
26025
1938
128821
8578
221074
55732
116159
2653
259232
4053
143471
4234
27107
10517
116985
2
115708
9179
57109
23180
1832
9231
57018
64175
55622
285331
5586
9918
84627
23405
4750
57519
23097
2567
57862
10938
369
118611
26505
55612
10717
79830
8439
51291
64397
23199
57647
84464
57493
114815
8499
394
63974
9583
27324
4089
51477
55072
9690
1659
6261
9826
729857
55252
10297
4645
158471
54840
56659
23512
2820
22796
1653
55749
22882
107
2975
8871
63971
23370
55729
8506
84181
9699
23074
7143
10178
2186
440
84530
4037
3703
56850
65083
131375
2206
140606
254048
9625
57198
1778
6305
8295
8618
26999
283820
8997
9743
54849
100506658
50512
29888
8604
57596
8525
3798
9747
5834
11180
8190
55635
26167
55008
54626
57001
200576
375748
55321
2016
152831
344805
57728
64857
2487
202915
378884
9753
6331
112
4688
284069
4642
54538
57217
23303
23140
7148
440193
57642
8517
1890
54920
54879
369
1375
4174
51088
2038
58513
2037
5046
55604
140710
57493
10427
23310
57521
9968
64430
80298
7030
8537
9489
4781
9794
51085
84629
6586
1301
84220
85301
55252
221981
55206
10960
26330
199953
23109
123720
7844
26013
55088
150726
23040
27327
776
29998
84146
9793
6621
8506
26173
23077
9651
57585
3747
5127
3654
51133
22865
10844
2815
100129669
2246
2314
50649
8295
6654
8476
347240
9839
6942
64753
6653
26999
5019
10965
55917
4905
6493
5579
115703
9568
23136
9138
22839
5304
26280
56122
5158
29098
10538
1287
57508
5881
341116
255189
81796
85459
158326
4161
6123
83594
2070
9640
55835
7067
51252
197258
57616
54954
4301
57597
55717
6091
2321
9760
79171
55572
26354
10419
64787
2720
7813
54894
64926
9683
4641
7109
25851
5591
392862
57537
80206
56981
57479
7268
27037
9531
64651
6535
80789
8844
23037
23335
5187
29894
65250
23158
51742
51780
29942
129080
83746
4520
5580
23109
162394
2913
9670
90113
23370
26130
89797
9814
57609
64411
6651
4297
1314
8913
317
84193
6185
91746
79648
79585
9892
255324
401494
25927
491
1822
23114
9677
2915
1107
10021
9828
116986
23164
10129
56853
81602
51555
7571
1209
84446
2060
8120
79739
55700
10313
10407
23411
7097
55172
4814
57819
23526
7486
136242
140
8481
6773
165904
2201
284654
2700
85409
6814
124997
91156
26043
165055
4952
57616
27134
54986
23240
729359
55619
54877
132671
3459
129642
3751
329
23397
2632
2038
338440
84034
23394
4776
10615
51455
55704
27445
115
85461
6329
4649
1238
9975
7030
2719
153222
23361
2048
23013
23242
55719
7249
22907
65059
23181
9590
1891
55081
90332
10199
2309
55139
3091
57466
57630
1951
57221
221037
1639
51761
6830
6092
7175
776
1786
6621
23074
6520
55680
25903
10914
23175
57703
4815
4085
53820
5923
6601
7267
23245
23348
114783
20
23215
65217
9645
285175
10574
6714
79083
201255
2181
119
54413
16
22839
3800
2914
146853
6608
26280
92293
7975
130888
10388
5205
91608
124936
55753
1441
114780
57538
51058
57057
80007
5971
9611
23774
143888
55037
54510
1788
367
23064
57597
22982
1277
221935
23099
6509
54841
29117
60681
23595
118611
6897
5592
11260
152330
26524
59269
23033
4864
2475
54551
25885
10057
22852
8440
8939
91833
80820
10056
56105
2072
23125
6002
1501
9590
51755
57582
5795
57662
11080
85457
6733
23512
80705
23038
7075
64762
780
3708
23019
22862
253461
399687
65125
9203
79567
8202
27253
57524
4134
326
1838
10989
54674
387104
10844
91574
23562
441518
6311
440275
23162
54477
130507
8295
288
3069
1063
20
8567
7372
4209
8812
6786
152789
2686
2892
55705
9829
2891
10125
6275
158158
645811
93649
644186
192668
79728
80243
55863
4234
6494
9787
63923
316
4973
256394
10628
8318
23043
132884
5498
63935
2976
57217
64579
9736
81792
54887
166647
51585
93109
100532731
5929
7182
6928
7398
55706
91949
60493
57562
57122
4839
23250
9919
80731
774
2335
64430
63925
56243
4760
11328
6578
9061
256536
7798
2731
84162
54790
55206
9757
5784
2905
93664
2033
9016
85457
11216
6878
85476
85015
5989
9493
26958
51366
440073
26030
6093
10499
23258
4216
84146
6585
10277
253461
11113
65078
11275
157
55515
2034
26031
644890
136541
10962
26999
23236
85442
85455
23348
546
2909
282996
23255
23139
23379
146330
8522
523
6493
22920
55342
477
22824
2902
10525
2901
10267
23411
550631
9635
2765
6351
143
57545
113178
11219
80835
56164
5243
200403
2212
57109
84282
58538
55582
23513
8225
10371
54439
64601
55357
60676
64864
57580
4750
114827
203430
3459
8564
54503
338322
2038
85406
84376
4176
27185
5747
9750
85461
399693
9972
23060
118461
27445
57512
375775
8484
10513
5875
3560
6296
5934
375484
84629
23198
85358
775
9758
23181
6249
6018
81488
81628
85476
2134
144165
64207
66008
1889
64285
64411
51366
57513
79784
27327
25943
8943
57221
8202
6904
23644
9814
56931
196463
7150
92154
11069
22870
91574
1805
11165
8295
65268
23504
23215
4131
9703
11215
8085
4130
50649
65217
1196
5546
9185
7559
219287
5411
2550
2890
3308
1804
3800
200504
11322
55503
283383
286753
83544
140803
4288
338661
151888
57758
57713
116985
25909
2212
6480
49
150771
607
9640
55790
1616
7110
90627
54439
23279
64324
94137
7862
51479
11035
8854
80818
143879
8224
199704
7398
56262
114885
79671
8975
8874
3321
23066
23195
57569
57479
286077
9044
3714
55577
146705
11282
197322
9531
93627
57704
90957
118987
22859
54843
57478
7226
23198
2064
9255
57552
8563
22881
4289
283987
1434
1291
162394
23053
25943
5332
84146
7094
8506
7143
9778
11190
3708
4297
9515
23302
5358
3983
5550
100131827
79048
245932
100288797
25817
23348
10396
2734
6942
57096
5297
490
2316
9696
1981
9378
10575
10955
274
7559
11054
6786
4685
5708
23380
659
84253
915
3690
7552
206338
3557
286006
23526
55576
1748
10166
100507290
5896
338
80781
10901
374403
64856
317719
7373
11064
1326
165545
96764
7110
7771
7701
58508
55619
7450
64324
9831
23190
54946
55721
64788
64793
7813
2192
57140
8408
26524
23515
5591
79659
64397
80206
146057
3914
23131
5803
57406
7030
116447
374986
83861
9856
9731
4897
51755
55102
27031
10297
7226
284297
25962
127700
10240
54518
4324
4289
23092
51564
1272
114799
1786
57585
773
4622
8648
157680
2317
160518
55757
84435
9793
253461
54681
4929
57655
1855
87
8546
1163
10261
9403
23245
26160
23139
5310
10129
473
22985
152485
388015
23236
23309
8856
29015
55735
6498
9900
6252
8473
26025
56905
57231
23623
164153
147923
55214
7409
2653
27230
9875
7984
963
390058
157769
56916
57538
6299
9019
64754
115201
79582
51430
10198
4046
59350
54954
1297
5586
146059
55628
26058
51585
9321
7358
7054
54920
64784
55810
89846
64895
11063
3104
283659
5293
271
6949
5362
1130
57537
1795
286204
57480
55339
390916
131034
79625
55129
91833
5253
81
2905
65250
6018
8242
25930
10908
375790
285190
64854
22838
23168
6733
7511
10806
9706
64762
1291
253461
9515
286
64411
10277
4008
26053
9778
4134
9772
63893
10178
90161
26168
1855
166614
343450
2894
199675
112752
6139
5923
7267
440275
285175
55607
10902
1063
8085
6311
1778
8470
353288
817
3423
57555
583
25970
6792
64319
10313
9782
55705
53340
85416
645811
401387
4814
54626
57579
162282
7570
4234
54507
56108
727897
4854
158234
55620
4154
6569
90102
4604
9397
58986
23085
96764
56138
8660
221935
9895
60676
64324
10762
7054
255426
57565
134359
283489
283849
338440
51088
114818
10733
23533
6655
23035
57493
5125
118461
1952
80731
10013
55679
116447
79874
79780
8317
9708
7804
5287
23242
23301
375056
54897
9757
57539
84461
64779
81576
56897
8100
23089
102
79932
2918
149041
57609
27253
23304
57448
9448
57475
81846
23020
2058
8912
55904
23049
50614
117178
153769
79802
6829
2801
401466
10588
377
10075
23215
23139
9780
26999
285175
460
8661
6311
1107
10985
5034
9057
4771
84717
147138
80790
5798
3633
22824
1804
5168
10282
317781
79591
91179
79017
2877
4041
26019
93978
64102
26140
54922
3918
5069
765
85453
222698
151230
10788
84665
6448
327
54476
83844
151887
4796
80036
3691
4638
146177
8564
5664
130557
731
66036
84182
9024
6929
6405
56114
8439
55181
7011
9786
375775
23199
4217
1952
6949
146057
121457
165530
6296
5096
4774
80233
80789
57605
55636
2324
5430
118987
25831
54897
284297
5936
10856
80222
57633
6733
405
114785
5585
116988
11280
9203
27327
6621
1639
114788
7094
80309
144100
8239
9699
1282
6642
6185
25921
57620
387104
285973
285888
974
55652
9839
8618
23255
25782
152485
23420
130507
8470
9378
11215
10985
7922
81602
54461
25904
6731
2621
4012
2778
1982
2914
5707
27190
91828
270
4745
90488
55017
219578
7153
51013
93661
11227
729262
11177
200403
116534
80007
57057
6814
253143
64778
1545
84643
1297
23416
91147
23129
344148
57540
57580
260425
92
6509
4129
2110
114770
6405
146850
84249
54102
10466
10749
84034
23461
23281
392862
9972
23310
22852
146057
25851
23483
27102
9985
11328
26276
83891
4437
85358
55193
4926
6508
575
6239
55345
23181
29086
8703
51776
84231
55638
7704
56977
3996
1291
23187
111
23644
3064
8913
57221
440073
23277
23053
399687
161436
7175
29980
56893
7405
64318
9892
1292
6726
80741
28972
4898
8295
7916
83992
23255
55832
4644
23215
2580
4133
460
79137
4209
3312
55342
8452
10612
4744
161
5708
2060
9258
140880
1811
85360
55008
8820
2653
1630
54454
1841
54097
56164
8312
11177
4854
128853
64754
147339
1820
5431
79158
55893
205564
337876
4916
22850
440193
64682
2321
9895
9681
54659
92
84318
329
90379
1016
9188
118611
54894
8549
10531
23637
59269
23060
64430
171023
115
120114
10615
8204
8872
4089
113263
10970
286046
8853
56139
1659
6326
5430
90957
9282
2324
4650
1501
29086
55297
83746
9091
221092
1147
132864
4430
2913
8914
11113
23654
2975
26173
64411
4134
23019
4216
773
253461
89797
9149
8479
55677
54487
285368
84631
199675
58498
10093
23245
490
254065
8618
8470
347240
6262
23400
3069
9780
23236
6604
1796
57030
816
51433
80790
3098
23380
57575
57178
8216
389320
121441
91624
51284
3458
85013
140469
10060
9622
137814
57713
55367
9497
64072
10069
624
12
6780
170690
6499
5866
165545
64579
23105
2245
81792
54877
23240
31
57523
56658
79171
10762
79709
23315
5122
283489
10484
51088
5046
79651
51232
79809
257218
27445
11138
84444
1130
4846
57722
2957
55129
23767
6541
8930
139065
26267
575
727957
1501
9739
57582
253260
57605
57679
9334
2628
4289
84547
6526
51517
25861
2322
124565
6453
317
51366
1951
23271
7750
27043
23277
23053
57680
79784
79567
55958
6950
29882
51133
129563
26507
284485
325
3336
2580
347240
5923
9858
10514
2314
490
473
55607
5178
6262
10574
6000
257364
6732
905
6493
2893
5707
3800
284058
4659
387718
23456
28990
56159
391253
55009
27332
27245
5617
55216
59341
25897
5469
5243
83638
8419
63946
54903
1768
253143
6572
54536
5586
729
3674
5793
55619
114
84976
6336
11035
64850
64746
875
123876
3104
8727
146850
79665
148741
10153
8646
9665
57521
57169
170961
3321
9786
8911
57453
126520
9531
2870
5830
8131
7804
55144
8864
2802
9462
4651
6261
56980
80351
22937
8034
10240
9427
27336
10891
7844
55088
23254
3980
1954
7143
57614
1786
63893
1282
5335
6092
8455
55904
23020
7750
56975
23373
54487
345895
57732
285590
283869
284013
5217
22941
10396
57142
21
144535
9696
9737
6595
11215
20
9780
3157
10858
3191
65095
9236
57124
22930
5738
114823
1759
84626
337878
57786
3161
116444
64184
27230
1287
8642
2643
2016
160428
64005
5243
9497
2267
378884
133619
254187
253143
57510
2117
3696
22909
10036
90627
7644
54877
84976
1284
1956
148811
84971
1573
79735
90379
60493
55612
833
84376
84196
421
7015
253725
64478
120114
6522
286077
5803
57537
57187
5831
4335
25945
8537
7030
8505
8853
4627
55719
7837
23358
4798
146206
25992
3897
9715
5165
1400
1837
54847
28232
57556
152503
90249
57188
25943
57524
57448
23613
63976
56252
2317
25758
8506
23304
29998
27067
51043
6046
25921
57468
134957
150684
2248
8543
6601
23316
23469
84726
9256
9839
22941
50649
23348
2036
288
79085
5128
26088
22980
56261
23396
57178
11180
10313
4012
8120
138162
79822
56133
84083
121355
118487
29994
3645
1466
306
639
59341
10343
130271
27071
80326
374618
151230
4863
57130
9397
6660
55698
6764
55231
57597
23262
63035
440804
440193
84936
64755
7054
6928
734
2733
64787
84249
55002
10083
51460
55901
84953
54551
146057
55127
84444
57569
79572
23060
771
56997
11178
9277
23767
1609
84498
23523
84162
27125
3097
10565
65250
7837
57582
150465
57136
2241
27336
8662
51517
5989
57718
6721
4216
2317
317
9772
23505
4035
29998
374654
9659
493
2969
5108
8535
284339
79745
6925
134957
23500
256933
10588
127829
408050
10514
10021
144535
130507
5178
23236
1778
8470
26960
547
817
2962
56889
5579
26133
37
2550
22824
79739
57551
2185
10551
5321
1962
55008
1719
399697
8736
375748
57393
100125288
27107
11174
8863
3909
11062
56267
85409
79842
1729
23026
10936
161394
6764
64601
5922
23140
6336
55814
7082
81792
80818
27115
266722
55721
57727
2162
6197
9865
163486
83857
56144
85462
6949
5930
4846
9372
84464
51455
57572
3914
390916
54677
2719
27005
124401
26009
9904
23122
463
23248
4651
727851
10114
55806
9739
29942
57552
1837
57633
9718
2011
145567
3996
64285
23040
2194
26173
8455
11190
204851
23352
63971
7094
57475
26037
23112
4356
26007
8451
29889
285368
5774
114131
6837
10093
11215
2904
6311
9743
9043
23348
4130
491
440275
5923
5178
22948
4194
151835
10181
25791
84446
2898
57178
5921
9568
166336
93380
166793
10009
9635
2167
83640
285600
57589
414919
8836
4163
56108
64072
5365
7390
2842
53838
79842
79776
57214
79577
255738
57217
64763
1495
1387
23216
4301
55717
57580
5210
22888
5062
134359
8224
54756
55706
151651
89781
84465
84034
79830
23250
80206
151246
3914
64430
85461
115
5591
7471
8317
146705
134548
54676
6297
222255
7837
65250
9646
23158
4651
5430
23095
26230
2849
80895
8662
85476
405
2800
6594
8602
6650
84146
23277
84181
23505
8871
493
9448
9472
63893
9651
9922
23312
7629
90161
345895
54888
56850
23028
150684
932
7070
54806
6653
23215
4820
23504
5310
10985
9110
9696
10129
65268
3157
5128
84867
9899
3313
26133
92521
2060
16
8663
1739
10551
83448
54989
56254
115650
2980
375748
1287
399949
54898
196
23660
8500
55755
114897
145282
10667
2811
1770
9611
112885
55037
10149
22850
9810
199223
7450
5980
23269
64864
3268
23099
5525
54503
23607
92017
5629
80314
2632
56144
10802
23533
58499
9372
25998
84458
7799
10427
56243
54542
9573
11178
4774
2557
84892
9644
9856
57455
3899
55870
22859
4926
8777
23158
8826
3623
1497
116983
1653
79657
55902
84067
142
55778
57513
1786
493
23053
9887
8912
8541
9472
776
10725
26173
56776
140467
6520
8454
114088
84631
25924
91574
338599
58531
283638
9645
84726
10514
4131
85455
6305
4898
1213
22985
6595
29015
353288
23048
84687
3796
583
284058
4685
54972
2891
10992
130340
1259
152579
3101
83544
28971
7486
9332
4218
219960
55827
26084
9414
29850
84365
121340
117283
340359
165
9882
84871
7088
90523
23586
54954
26058
4647
2073
57568
79834
55254
25793
1890
55171
6821
115548
54102
11127
118611
1894
84465
2046
5125
23116
9968
375775
80731
1826
1106
9972
1847
3560
27102
22908
4089
10595
8853
23268
10594
4926
3899
5787
6002
27125
23152
26001
5494
2309
158399
9066
23338
79933
3837
2044
23019
51199
3064
8239
9699
4008
8913
8541
2969
1951
6830
7094
9149
154091
55661
1183
8720
3786
122876
374395
10728
25782
6305
1981
23504
65268
64423
83992
8476
23284
1107
1778
10768
10818
22902
84446
6272
6493
6792
10525
3633
57551
64319
915
9360
54989
126637
219938
1719
23090
2065
50674
148581
2137
10210
23047
25942
51101
55290
84872
10232
57451
22984
221960
152992
56138
79960
22909
51585
6336
9895
55628
114
54920
83999
29926
441151
23708
23598
57153
60493
84164
6103
196527
79651
1795
57661
394
340990
23060
114815
171024
55818
1847
57511
8139
2870
23276
221061
9101
54856
23158
93664
9866
57662
23387
10114
55102
50814
10010
2309
23333
7704
90332
2913
51426
121256
3708
10919
5097
114788
63971
10499
9203
1639
23061
23304
7143
29123
4326
84861
9874
8454
5976
747
574414
932
4061
9737
6311
440275
4629
26960
3069
54806
6601
9696
8925
4133
83473
147700
84440
1114
6867
10446
54413
4744
2892
160
8751
10248
7552
6608
10024
55766
467
162282
57508
10184
151888
84079
729262
85459
1285
54965
56267
84282
10655
23247
357
65056
6549
2735
55094
5922
81792
84627
3636
170692
150221
54841
54207
9376
57567
7535
163486
115548
283849
116115
54737
10153
9750
114815
57521
7402
80206
8911
3321
4851
57479
84108
9572
2590
645191
7016
1609
84229
729857
10765
11176
375056
285527
118987
29894
6239
29969
55062
123720
5871
2134
5583
9507
7075
51426
51366
253461
23271
5256
9659
23019
5108
6830
27043
26173
90113
23020
197407
339287
92737
10989
1000
63827
1421
112752
127829
9863
83992
2904
3069
103
408050
9839
7267
5178
55832
254065
65110
506
9070
9867
6731
55175
56905
5921
4685
9746
3308
7356
716
54101
360023
10008
117581
23244
8029
51181
3127
1441
84875
4038
92949
941
26468
2542
4063
6331
389840
123591
11044
93594
58484
222663
2321
7057
80036
84172
23132
81928
9376
5663
23607
9891
83878
7733
57140
10512
8549
84343
219699
9786
56981
57480
23035
10615
9439
23036
64397
10171
284111
79898
10928
10691
4547
10595
57582
57662
85301
9826
7994
1612
5287
7074
54438
22838
55288
9427
55743
1857
3756
320
51347
8202
23370
4008
286
63893
160851
3376
11190
23061
79784
23200
10128
51386
8535
53335
56241
64084
108
493901
474354
4698
478
3054
490
103
4133
9737
2314
23001
8867
388015
26038
26012
22948
51
334
51433
351
5414
4915
79739
3745
26025
1907
55632
84140
79054
26472
54951
5288
80243
4990
26984
56164
23274
23224
3643
10901
374403
122809
10420
22844
22984
163175
8309
5754
114790
91147
26058
22982
84627
8660
721
3268
94
7299
875
9153
84376
221937
55109
11063
2822
10083
10531
58499
54549
84669
10615
23195
55604
23036
9726
26073
23382
26010
11328
84450
54816
5934
375790
56980
3899
27125
729857
2802
83481
23358
94097
2023
57787
4528
2011
2982
51426
25861
2009
23312
27253
160518
9700
23200
178
27327
23187
22862
81846
8912
204851
57102
6950
63916
55737
10194
5291
84701
6837
60675
54806
57731
9696
26047
5310
1981
23025
9858
9645
54477
85455
817
10616
26128
273
1209
23396
16
5707
9829
10992
55703
392465
270
6927
5794
2877
128229
4033
23244
142679
388323
3099
55388
139378
1285
150353
27329
49
29978
65266
253143
3788
6868
79974
91010
92105
284434
199223
283234
7148
9693
143425
94
5071
57565
8733
91949
10484
6337
64787
29951
51460
92211
1289
23082
10580
9044
54549
259282
257218
80206
8574
78999
7030
23767
9197
3978
3815
4763
400966
9745
26046
10497
8938
23248
4054
8788
1445
23333
23038
11216
10607
2121
114879
9670
23049
3376
63976
2066
11280
5108
63893
23019
2186
161436
10178
57221
9440
27244
9215
57595
5514
55084
283869
54466
5147
254048
347240
491
288
116931
23266
51520
6942
2909
57142
11215
4145
6714
55262
81492
259217
5211
5738
22820
9746
1982
10523
122664
60625
3594
54465
10440
132203
778
5288
93190
89765
54778
10940
80205
57538
4973
7727
134391
256329
9882
9658
94059
10640
83449
51230
10509
344905
25925
1284
3603
9652
51530
79171
1644
51078
8659
11127
79665
56920
64097
11196
22877
23213
774
7248
5796
5125
57187
3914
22853
55626
10171
5962
25945
78999
2719
9904
1181
23248
4650
5428
57455
55345
7074
23037
23239
9956
7549
54847
55139
65998
1653
6721
4302
51061
2911
9651
7175
23187
8912
9699
51366
80309
57524
23312
577
51199
55140
114781
26234
92154
23149
55084
859
10261
6154
64753
9677
9600
4133
5297
9863
1063
23266
23245
10396
9743
10576
1196
414918
816
6731
55175
353274
8751
29
55799
16
63940
28990
3082
170689
83544
644994
23007
24137
11067
11219
3099
79364
23331
338
339416
2661
148738
5971
90102
80000
27180
10926
55770
54538
1002
146059
7644
55701
2073
9652
22888
84318
9314
254170
252983
89846
118611
2192
2720
50853
4124
10531
54014
9869
23036
10013
84458
10615
23285
51455
11222
113263
374986
131034
153222
23231
54816
9475
57507
57592
8518
23181
22998
1301
8897
51626
1371
9619
8662
6293
85476
64881
121551
780
63976
10128
23613
2066
57475
57188
84181
9223
9448
26173
26037
7143
26168
440
3703
55362
1500
283373
56676
10519
4716
8925
54497
1822
576
20
57584
6311
6595
23031
388015
9031
10623
526
55917
8745
5579
29888
7786
5834
1982
26025
54972
84191
642475
83448
2050
151647
28971
1287
57545
93978
196740
165082
3684
10343
4038
26270
55687
3975
5966
55582
1832
2649
8711
11060
10188
3674
81792
23225
2073
197131
23405
3268
6645
386617
80308
11226
338440
163486
199704
10312
50853
54535
9013
5125
2475
25998
25851
23116
54551
10013
7468
8440
340526
27165
10691
3749
93627
7798
23152
4651
11176
85464
729540
54822
7074
23261
2532
1468
55902
115111
55624
5295
10137
6594
9842
57609
63967
22997
63893
9651
1314
5256
23644
10725
22990
9700
11113
4326
10318
4524
29882
4773
50485
4258
84932
51186
65268
57148
10129
116986
10902
57142
2036
9863
26160
1063
347240
5034
3157
51322
816
6786
10612
23030
5707
57551
10125
2902
1081
6687
10345
9498
140258
5149
8647
196528
5638
51076
55114
84079
4363
7058
51608
28969
3597
2165
4604
165
79912
84909
54954
51230
54510
344148
129446
22993
23216
729359
55296
115209
4129
55812
57727
80314
85406
163882
4605
5140
22877
23506
84464
5803
9044
84125
23066
1130
5091
57521
80305
640
4335
22908
55135
56107
10868
9612
93664
153090
8603
2802
55209
23095
2324
92579
8187
9950
90332
29110
8310
5979
56977
1310
63893
10499
577
9883
253461
6651
9472
80309
8506
57609
23200
9853
10906
91775
8451
55324
747
7087
53828
974
58531
6942
57731
57198
9881
2909
56899
2904
6305
9839
116986
7216
60682
5546
51
6732
6498
53981
9682
8216
115703
9343
10313
388335
163131
317781
1763
155051
115650
55811
219578
57393
354
25897
50628
11276
2
89853
7727
85007
163786
55835
613
30844
135935
56987
54510
57337
1306
3636
57685
84627
31
23308
203430
27248
7182
79816
57599
2908
84376
9188
79846
8646
151556
57480
7776
57495
56981
57722
151246
56243
23310
399665
6730
256536
374986
89849
56204
8844
2064
4756
23358
23387
57662
23122
1278
91752
51274
2628
57154
23092
4850
56897
51426
107
25778
56252
25943
10277
6092
23049
27043
29123
2911
144100
1951
493
773
4221
8881
4719
55677
4293
57534
26279
50856
1174
23255
23400
23114
8927
10514
283638
116931
6709
23469
23031
8997
54849
254531
815
84570
4135
10181
22930
8848
55799
5066
16
123264
81627
23411
9937
8674
55194
57529
8736
23594
23475
10210
3680
4607
5788
83892
8520
26277
3959
23166
4863
55790
59350
163259
4952
4642
23225
4796
4750
27328
114
4653
10425
51530
285195
79968
10664
1836
200010
6337
9750
51232
3799
7109
1106
85461
54551
7407
57661
51059
7776
23483
8161
83861
10970
26035
3785
166378
22878
51780
26230
727957
51755
54790
10565
5787
9456
594
56666
9310
57154
1857
5829
90249
23144
51199
9922
26030
9448
2066
157680
23327
7750
9772
26130
2969
3708
9878
7629
54870
85021
10724
2043
92304
344018
3281
4644
576
490
54806
7267
23031
6653
23284
65268
2909
10396
2923
147700
257364
3796
152789
1808
166336
353274
23544
160
11180
597
133396
1376
360023
6277
2495
57194
259232
9622
144125
55367
2137
79026
5469
254228
64359
13
55630
6873
92126
6571
165055
26512
55124
83449
7840
56886
23064
7148
4750
285641
1644
57506
65244
55812
22868
4281
5884
4686
8975
25896
54535
23310
51455
23511
23082
55127
259282
286204
114815
100271849
7016
10524
84892
10235
8821
56106
57592
8897
23523
5926
4897
55806
3480
23358
83693
10240
55030
56666
7090
8310
121256
8671
90249
27253
63971
57614
178
4297
9700
23053
57513
25758
8621
23049
23352
9211
50614
10087
55362
27124
4122
79019
285051
4118
23031
26999
23345
7158
22983
9780
10129
9696
2316
23284
55607
9751
1656
2821
57658
9927
1620
57575
2901
4976
90990
23544
122664
58509
256643
3101
5149
347148
162282
23041
7106
27111
53841
55367
27164
400954
389158
200734
5681
57573
3709
8515
4988
93550
2015
4881
4916
8284
3691
146059
22993
5980
57862
84307
10948
369
10781
22868
7976
1010
2162
91754
4931
23515
22853
79572
25851
9786
139189
54551
286204
1130
390916
9985
26035
57511
9489
2047
9712
22859
729857
84461
6334
221981
65250
83481
54897
2592
2128
64921
146664
23512
1857
114791
2009
9958
178
11280
11083
22997
9748
4622
8541
10869
56252
56776
2066
8202
5358
4221
28981
64092
2894
5190
255758
10588
5478
3054
23162
440275
26047
21
10021
116986
23284
5802
6305
83992
8942
6301
4355
9727
4135
147138
4920
22930
54972
64319
284058
619208
152579
1962
150946
5935
118487
150709
79633
6247
134829
3099
203859
55215
1657
79650
23464
387763
163786
9882
4855
284307
84126
85444
27152
56110
8660
7057
64324
79813
23450
92
651
1644
2022
4007
9188
2997
4176
6337
196527
9759
54468
83990
25885
9372
22853
394
10580
2475
151246
7408
140685
134548
23276
113263
3785
51092
7155
57507
9969
4650
10752
23198
1659
8826
9016
10010
23333
7704
23769
5007
84067
3843
80737
204851
1786
57475
8912
23613
26037
160518
29998
25943
4216
11280
23061
10318
1780
4957
143279
1912
1740
389125
136541
11065
65217
26038
50649
8831
103
388015
6942
64423
26160
2734
23420
6000
26502
3312
9854
9762
3313
4012
8916
8237
25792
3098
26511
221074
4025
51284
126382
84269
27154
23007
643382
89874
6550
29128
5469
116985
83886
64321
5024
4917
9640
389197
6572
205564
200014
3991
8496
6091
6840
1303
84976
8284
23099
84307
130557
54606
4007
116115
10998
29062
84542
7222
7156
57476
54542
55704
114815
387680
9665
10580
23511
57187
4760
27439
7030
140685
51428
7841
3842
7226
55806
54843
22907
8864
23332
23198
727957
53829
55966
6574
6801
23314
6526
79039
51061
4430
63967
10178
5097
8912
23019
10869
56776
23271
2317
79784
8621
22862
203190
54681
64145
256714
23193
1000
554251
9048
1349
23348
9256
478
57554
23164
4666
1660
23001
6709
9703
2904
1656
2932
9823
4135
7184
57596
57692
9782
29
23030
115703
345757
8288
3690
339768
9553
467
79728
253714
84270
137835
701
55236
55728
27164
81621
200879
284358
5746
7145
9658
2202
353238
4775
26064
2844
79813
23230
84172
79670
89796
3859
6603
57460
84823
8224
26060
64844
2733
1375
9734
56134
163782
139189
59269
25998
55818
57572
56995
23078
55626
1847
340526
5327
113263
131034
1496
139065
65059
8938
57683
5287
5649
5430
84162
3897
56894
5025
51361
23314
83746
55624
132864
11346
57466
4628
4297
55904
178
8913
8239
5335
65125
57448
10919
1282
57188
10054
26093
57655
23616
29890
1292
100526773
51050
266812
8618
3054
23284
23255
6305
57148
9645
490
84726
9256
282996
282974
8856
6854
57555
1114
5579
2898
4685
10313
23228
6792
389320
5137
220081
158248
26472
286753
8701
79633
388946
2016
10210
25888
55728
57623
245711
23464
256394
130940
9611
23460
30850
79674
55698
51230
8496
23262
23064
1636
57514
221935
1593
84255
55325
9601
10746
2615
64760
26505
283849
3572
4931
23394
9919
10057
4217
51059
10615
55818
23250
84464
283985
26035
90874
124401
10691
7841
2731
5784
5187
6326
22859
9758
22937
3897
9739
55326
259230
5782
2982
6526
199953
9162
5334
22880
9772
9748
25758
2066
23019
9700
25943
160518
9203
51761
6453
2186
8881
154091
6304
63916
11198
5774
199675
646627
885
2734
8567
7216
460
9743
5923
10075
3054
491
9600
9031
784
55274
9185
147138
4905
9797
1759
5798
23136
2891
57692
597
4025
63979
56159
254439
6742
1287
27332
5881
4331
147945
4843
9620
1657
941
7849
93010
28982
6708
8515
3839
4602
4343
80267
94104
79937
9681
344148
4750
57509
29948
22806
79027
51435
25759
22849
89846
1016
84542
4058
163782
54878
57186
340990
79572
51059
5796
6949
9044
85461
5739
51428
8930
23382
8732
23426
3801
55345
22878
2804
4651
23158
221981
85301
9745
2619
26330
9066
126129
120
9718
7466
55088
5829
23304
56252
8913
23505
25758
22990
2066
2194
80309
2317
29998
57513
66000
154091
57655
284352
29890
64084
51561
2249
51090
6709
26047
5178
20
54806
283638
1107
55607
65217
9256
288
10575
8522
6854
9513
23321
22895
1804
7786
23544
3800
9782
619208
645811
5137
55130
145957
8674
24137
200576
85479
119765
54507
9860
54795
19
5634
53838
1369
9938
23043
23211
80381
55922
57176
200014
55622
10743
23272
9202
23216
58508
90
585
208
26002
79709
23397
9188
114990
84695
3572
57562
54566
9972
9044
23060
7468
253725
7776
5927
55704
4676
26035
124872
27324
55879
23592
3842
27340
575
6711
27031
54843
65059
54856
9758
7483
55005
10155
57154
53349
10716
23677
90249
51426
26173
9853
23271
9814
9448
8541
23112
65125
56252
9772
57634
8506
1655
154091
4524
9219
63827
29890
859
970
6843
576
4644
23469
4131
23031
114783
7916
85455
5802
282996
4820
56853
146691
5347
1499
9867
153830
55705
1759
10125
4976
3633
122664
256643
3792
84250
1474
130888
3791
29994
285855
25855
1828
5294
8243
122402
2267
100310846
5681
160777
340533
112
6643
93233
93594
4881
85444
55628
23113
80144
23129
30849
208
7066
10849
9933
23151
6897
55002
29062
8325
55727
54535
51460
253725
54014
57187
7011
27445
9204
57537
23066
79608
5743
374986
9975
6578
1488
56141
27031
93664
84159
5795
80014
51780
10114
6508
29907
11228
57139
6574
6733
169714
9361
107
142
56252
2194
440073
57475
3376
1951
22990
9814
23049
4628
4008
4297
3164
8394
167838
256714
8450
2533
333932
9227
55967
57096
10514
1981
547
9378
21
2314
7216
144535
7158
9828
2962
5476
23014
3326
10939
9912
83637
1759
54413
9901
1804
5303
1187
23456
222194
8674
28984
23670
3645
11015
11219
10210
54507
11276
57716
283514
6123
327657
81622
1832
143162
54802
6868
92105
729830
55898
30849
1277
84976
22993
440193
94
651746
2567
2887
54629
6929
57599
57153
22885
29967
100131017
5981
80206
57453
23371
140710
115
7402
10427
22852
51451
501
286046
79977
5096
53373
6674
7226
4651
9745
5187
6261
463
51742
5428
2108
55751
23333
80210
2134
11216
56097
2913
56957
9472
111
23304
4008
1314
23112
79784
6585
9772
9778
5108
10869
90161
84000
345895
51692
22803
129049
644890
80117
10093
9743
26038
10902
23236
54477
25782
283820
103
282996
6654
55607
6000
8522
2821
3313
9581
3833
123745
55964
8848
4685
26025
728568
64218
440590
222545
51738
2272
7486
27245
283897
51076
57713
9787
57623
7297
92691
205428
4668
2140
90102
3679
51067
55037
114790
7110
7059
83660
7057
9578
55717
23140
2565
8517
2113
1893
79959
10664
2632
9024
11108
10531
51232
54878
3714
387680
9786
9665
4864
55626
23135
399693
84108
8554
6535
134548
26035
57535
6674
23239
23122
4650
7249
57507
727957
27340
6261
2592
55751
57787
51222
64718
129285
55749
2913
94134
9853
23049
776
4628
55729
80309
2186
25758
57609
4622
6585
63976
57699
5127
23616
54674
3609
23545
55284
2248
8655
11215
254065
285175
9126
283820
473
283638
4898
7158
23316
388015
30846
146330
257364
84717
5411
10521
8751
9568
8216
5066
11180
8409
121441
239
206338
121355
7327
7486
375748
151188
79679
50628
9510
100652824
80169
81621
12
57057
80173
79443
57214
285
25800
1002
23141
7410
7840
2321
83660
23046
5793
9306
4653
23549
134359
2022
84249
9208
2261
1016
55133
3799
79812
23250
57186
9204
64430
5796
4846
23511
27445
10102
10524
11328
9531
26010
5253
57591
27031
8242
23268
55252
26230
64221
23332
27340
3612
57136
102
10806
23089
80210
114880
107
2121
8189
84146
27043
25943
8943
157680
9772
23077
4622
8411
51761
23505
10528
1655
54888
54764
57488
51593
85569
112399
377
2036
22983
6601
23164
5923
11215
10396
23420
9110
576
5178
526
254531
55218
84445
2617
113026
84253
9782
9682
353274
8916
64951
730087
8578
23102
133
644186
259232
9332
283953
283578
64799
113
10347
3371
150353
221154
2847
4152
79705
64778
8225
84230
92105
9719
83449
26058
80144
89796
57514
221935
81928
57821
23621
11226
54606
23595
6197
256691
27330
133746
10466
10733
10580
6329
5796
84669
57453
3914
3321
23461
64426
57511
146705
9993
27037
3801
9542
57507
23013
8777
23332
5795
85464
4650
1501
9255
7162
4076
54480
56922
56897
23362
79039
6900
100101267
57619
6621
57609
10869
23352
9448
9922
5097
23258
9472
11113
10458
22879
84679
63916
1821
23167
504180
84932
5478
9828
57498
8831
283638
23162
3069
57142
85455
23504
23031
4133
84364
25923
9362
6853
114798
94030
9967
10299
26025
480
57178
9674
56125
645811
389761
4818
83544
25914
10388
605
83714
11174
84077
63923
57538
7351
256394
25937
29978
64759
80000
23186
22794
4168
83844
64901
27
25960
55689
9736
84976
2565
1593
84519
79884
29803
4605
5451
25926
9188
79812
9752
8940
4217
23195
57661
7248
1826
9919
57537
79659
81858
286046
113263
501
9061
10058
55656
9739
221981
55777
1612
51780
4651
9612
4798
3276
4925
9066
147968
23333
51517
9706
132864
26036
8913
79567
23613
23112
26030
8871
8202
26173
100101267
10277
23327
23505
27132
3164
8451
6049
6294
781
5283
100288797
10975
9031
5802
408050
26999
492
10902
4666
57142
8470
23245
9600
6199
8030
10522
219287
119
37
659
4744
26059
10313
5662
392465
84085
1376
170689
54951
4818
25914
51735
11015
118472
64005
4163
54464
727897
92092
2551
168391
143098
84665
23166
286207
2132
23264
64901
49854
25960
79813
23230
23389
79670
29926
11035
4204
10298
57565
199704
11108
6897
92017
55911
9734
80274
63925
80206
56981
6949
9968
6522
399693
286204
57494
9868
84928
9277
91833
57706
9847
23248
8864
6508
9980
57507
3482
22937
57539
26260
51138
55638
9459
22881
55743
64762
203522
25778
11083
114788
3778
57188
9699
63967
144100
57609
4008
55729
9515
84181
9211
5780
145581
1388
1740
11325
