29123
10438
1826
4297
8295
55870
57680
2904
23389
6326
287
1106
4851
23135
2194
463
6711
27086
23001
23499
7204
53335
57492
8831
7994
1859
10787
57451
9578
79633
4041
23654
2200
51322
84629
58508
23199
26960
58499
22859
493901
6683
22941
8085
57634
80816
10716
23524
51366
27245
10847
5728
84444
5253
28514
9994
9969
4627
5430
23036
6710
55777
55636
23112
26057
7249
57453
9620
283450
23469
6305
2975
23126
64207
2033
6323
25831
23394
23405
84181
4849
3897
26011
26058
1956
9378
25942
394
3608
26046
6651
7468
9898
777
1938
2901
9901
23152
23030
9020
11083
5361
23352
8912
85445
7874
9044
112939
5980
23013
9228
9024
152789
116931
7477
1387
29
4739
6601
26130
23185
23347
64784
293
56995
1778
23774
5990
26050
64324
23179
23451
253461
9950
5126
55209
23025
8452
85358
57198
10522
8924
89797
23040
83439
2737
26512
5133
286046
2047
64848
57556
6874
114784
23181
8165
57661
9690
84159
91752
476
56946
57154
8911
54882
23338
6597
51111
9611
23053
5610
4774
134957
9672
1993
55167
4836
7415
196528
23114
64762
51317
23522
5803
221037
3778
9665
9361
51684
7014
83473
80155
7175
4292
23162
8454
254048
8535
1499
387640
6529
3678
64101
11069
8408
10771
7461
1981
3996
23067
9919
29855
4781
26115
10575
1186
23090
55205
9320
1808
9569
55914
2562
8850
5079
43
23241
155435
481
53838
6934
79882
25
9612
114548
83394
10383
192670
221981
