5310
8452
58508
57680
23394
9969
51111
27086
4297
51317
6326
80816
287
1859
26053
57551
1499
5728
283450
1106
9024
8408
1778
8831
221092
85358
10943
57585
9369
57554
10659
57492
26999
4756
6093
27125
8301
862
5991
10847
9739
394
23090
7249
9780
1209
2051
196
57582
7468
9828
1822
2566
55870
23469
64207
54454
51780
114784
8239
27245
64919
58513
8924
6874
3021
5786
10250
4212
8737
23067
6252
7090
55252
6323
5789
3778
9372
6529
6497
3745
22941
201595
23001
4783
2200
90007
29123
23524
51362
4204
23119
23261
78999
57493
1196
2624
9378
22827
2131
57496
27445
23040
1282
200424
23036
7541
84258
9757
2904
51773
10787
1183
7514
8911
2033
11083
84444
58509
23683
8289
2185
84969
3007
6310
23352
1289
10155
1786
54897
9698
3703
23162
463
773
1956
26011
55083
1501
55636
1826
221037
5139
442117
55690
5339
84629
283149
9901
9858
8912
340527
11215
3340
9620
2975
1785
10075
25831
9044
25
6942
4627
9658
1186
22898
2901
9600
1981
23240
23389
84181
57479
23199
89796
80000
23476
1952
57451
4851
152273
6651
57732
4041
114548
64324
7764
26960
5430
57634
3714
8295
28514
