149699
790
154664
392390
6865
339221
139599
119587
83933
254268
127829
6601
8831
56899
57184
23521
10660
65992
6606
5573
6695
26090
2271
80198
8812
10892
8452
3326
26470
2185
2792
91181
1767
4052
7472
123688
158866
1510
84102
84818
11004
1259
3619
1824
116444
140766
1287
84747
27094
100505591
5150
6916
84899
9510
50939
4359
171558
3199
374403
386724
55276
6403
9779
115584
283748
146862
22866
7100
80122
90102
55582
1293
92126
4863
198437
3670
10455
10785
7424
1370
63935
57717
64175
55137
1495
5376
8870
22982
23145
31
55701
9736
116984
9353
64080
64115
54602
392307
29926
8444
4007
8879
5588
79671
8449
90871
80206
23078
5927
6323
7371
11066
23495
137392
8484
2835
23657
148641
10691
2180
2072
26046
57539
93664
153090
23387
55193
6307
5413
26039
23516
54929
28232
5098
284656
26053
9853
23053
776
10919
10869
90134
10920
3337
55048
3628
27235
79143
7266
221545
8664
51474
9215
64092
10844
23235
23032
55959
51060
51750
24149
10452
199692
27106
2813
23507
254173
55765
6154
8661
57096
5923
10286
157567
5292
9350
8402
2697
57863
5454
26502
3312
5126
7415
9112
6389
8663
9829
51161
9735
4036
23325
152098
200035
4800
5458
7006
26280
6891
55214
3676
55034
56254
545
57545
1841
134829
221409
3932
4780
84951
639
7007
2054
415117
83590
9913
120103
10042
1606
2242
57147
9925
8728
55526
79613
55230
23043
26011
3679
9882
10788
4824
56670
3232
3417
11251
79786
7594
55671
3696
8776
54538
79001
6364
79670
721
94137
9765
9509
3913
10743
57409
441581
54039
84915
9376
29117
57536
10133
11011
114818
54535
84522
9919
23082
85461
57722
55529
25840
57369
11340
51106
2835
2114
113828
7016
10767
3801
11176
285190
729857
57592
84159
55206
374
210
85457
1141
9529
23769
140775
8671
11083
4035
23019
8871
10725
6651
55757
22808
84896
64109
3761
8678
81539
84619
10486
10318
56121
55760
55515
55690
23167
57468
9663
1427
84166
10274
5459
339221
115350
6514
126549
64078
6492
377
3069
116931
64423
54769
9552
292
2067
353514
468
10825
79603
25923
9107
50809
6867
10769
8452
90990
23368
164153
90342
6332
1105
84061
123688
728637
135293
201973
5321
7047
26167
55008
9635
5836
150709
8458
7462
307
11219
10385
9248
63926
29940
9897
4161
128853
9262
56253
192666
10232
9744
29943
6403
57678
154796
83697
56143
170690
57688
9611
55835
23247
1768
375612
51102
6760
6256
84173
686
5786
85477
831
165545
64763
6363
2995
79834
440804
9578
2073
54887
30849
57492
27433
1393
51201
166785
2937
3425
29803
65982
57140
54737
4931
51569
151246
80206
22853
286077
51012
9275
283576
10554
4904
1676
51602
137872
3749
25777
79065
2033
1659
6018
7155
55806
9745
7580
90324
8187
29927
55213
342979
23517
3156
56776
10128
57680
57188
23074
57513
399687
84836
29968
10933
347734
5305
8569
100287171
10283
6529
321
114804
165215
7436
84251
57649
23545
283
84166
79925
207063
8723
57127
55789
286151
64772
101
10093
23309
8295
26160
81688
2254
50813
7008
84886
54765
5717
57863
23705
6812
3831
22980
5211
5579
83637
55700
27257
23325
10154
341640
51028
284427
4795
5972
55756
9880
147923
91624
79649
150946
3700
4703
778
84066
54097
201299
4608
220416
2305
10112
92949
2208
139562
55432
5973
2297
4117
247
113251
79896
9033
57577
23137
121227
23094
55582
1729
57724
11128
9231
3216
245972
1024
25980
26577
54884
63935
93233
148266
11194
131096
116541
6634
25925
80036
1956
3603
4638
2321
55083
29896
56948
8424
55437
23097
369
23650
64386
23385
10566
9759
80740
9204
6655
84464
8204
27120
26575
10966
5824
94056
2835
2078
6892
501
4249
23039
4756
57608
9282
8864
22998
2064
1967
5549
55860
84280
84954
6523
10411
23
9793
5256
57619
8541
11280
286
11083
2963
2770
116092
27440
57528
6675
5360
143686
51422
201595
54842
55275
6829
25924
23350
23167
7322
54875
57828
2357
151258
167681
339559
254268
255239
84171
6139
9043
3069
84726
23521
5621
81553
3167
292
10159
8869
1173
9604
79083
10645
905
9513
84717
8473
57231
148170
389730
9816
203447
2826
11274
11055
375759
83732
11004
133396
23411
1763
1439
56112
55811
9924
1854
127733
6017
1807
11146
9641
10507
3643
51070
7083
51146
1369
26094
84167
64866
5894
5990
57626
3949
8899
341676
79705
1832
6873
675
159195
9411
375612
10637
349667
9095
58497
57708
85477
9371
6909
84916
23586
9550
51083
157285
7840
4750
6840
53353
3603
23365
3205
90522
51290
64777
10425
55028
2589
92140
256691
79671
5747
169693
9968
1795
6949
11138
56674
134288
10084
9792
121457
26262
5129
8050
3560
6772
9904
23152
8527
54790
65059
4897
25930
6443
253152
8463
347730
3356
55624
5338
55088
161436
6453
23258
4628
57475
23327
1314
134429
55973
7991
5577
9394
81539
7756
5360
5780
345079
25903
57410
285590
79595
63827
27436
9450
375616
6263
7044
51135
84634
9618
28234
5251
80736
375
9645
10021
9378
51560
7534
65992
64114
6324
1158
22891
22927
6714
55218
93185
57596
84717
5579
5921
9782
8355
55023
6332
4052
55839
140625
26996
390928
6259
147923
54101
10224
27147
51311
114991
3938
8029
1839
6017
219960
5077
113612
22893
340351
2201
135138
4159
132243
85007
151473
5562
4285
150468
64123
1606
8641
9175
375033
51430
23247
3910
3075
64848
9882
6991
9609
5118
53635
10491
54800
54916
2068
80332
118788
27152
4947
6866
7450
51479
150221
23230
6091
166647
23451
283871
2213
26275
55039
143425
2022
8879
8315
84164
2037
196527
56344
64397
64430
392862
55704
80228
51074
730112
51108
2784
51225
11338
5153
57511
9152
192669
80014
2064
10752
4645
23523
26046
83700
10244
2966
10991
23203
6196
2889
9493
7175
23019
57553
27327
23347
9883
8912
398
84321
11342
586
7259
4248
84749
9784
29980
166614
167465
91746
4123
23149
9879
23369
23643
375616
8972
5635
7784
653121
221078
4939
145483
6492
6158
23504
9780
2904
79447
4728
8508
84886
56683
1025
23208
5717
282974
53358
84502
10418
55596
23396
8525
2891
83998
6720
3635
3716
10331
7476
2865
113655
116085
5137
5519
7552
170689
50636
10024
79728
32
28986
354
388323
6007
57624
89782
27107
316
57110
376132
80135
327657
6198
255104
4361
64924
4224
9779
5318
144455
196446
401024
1768
5331
64778
92126
57688
147841
245972
81929
6256
84173
7181
158135
84230
84916
1616
80267
56655
90410
9693
84976
2073
1956
84627
80144
199223
124460
55825
8706
3783
6645
92558
8785
8444
2997
421
23263
51021
57169
286077
57661
1289
51330
56616
29909
30010
54793
57406
6461
10269
284111
1608
11183
55031
1463
55193
285190
23095
84629
54472
23171
55062
163590
53944
6523
2044
79789
221037
23347
4035
57609
3778
23019
79784
2706
29968
58511
170261
23059
23633
23603
388228
56931
10914
23265
1183
170506
83752
3609
4293
5570
8483
23120
54516
4015
125115
140807
387357
6492
80095
1410
7204
8831
9881
5901
529
128240
832
51277
25946
1040
10540
9751
5885
27239
905
113026
10291
3320
1759
54059
22837
25938
22995
84690
55120
83759
152
164127
163131
550631
56133
57576
27147
146212
57530
374786
1841
340595
5509
3744
10548
162540
8816
375449
64063
79176
23493
145282
53371
9753
221955
54893
57631
114822
5318
256949
6768
79705
23043
1294
79443
11214
2199
79031
126823
8704
9355
6760
9671
79730
1665
695
79674
8509
51660
51367
1636
51585
23303
55717
2073
9736
94137
788
148479
23566
347404
1544
10133
64788
80308
23397
117246
79651
7295
1280
55127
23093
9044
79853
9342
554235
9117
1238
54793
27342
79673
6296
57325
7841
23158
8242
23037
285527
51780
1301
9144
221477
1445
441381
5654
9205
9706
5334
8888
1951
577
10725
161436
10277
56252
22818
11171
27430
51582
64766
2743
9885
63894
56965
79802
79745
7220
4661
57505
114787
8450
494143
157922
790
6555
340654
23306
133688
8639
9836
23507
9338
23504
8295
1660
6132
26022
128240
10327
79641
10159
6376
1267
729956
140894
5126
9870
84687
259217
6314
57692
746
84144
50937
1288
284427
28
23617
3394
9473
6608
4025
84818
100287898
23683
4998
27245
57194
90861
766
8764
55258
120406
6519
5837
9497
2487
348013
140680
120425
81037
151230
80125
79586
5598
2242
83959
6768
200373
261734
2199
10788
11073
28996
80208
121053
126823
3418
64211
84173
23170
81035
9832
219931
54869
56996
54741
29058
9353
7701
4638
4796
89845
9736
54986
65008
65263
79607
1352
6509
92140
441151
79968
64787
58513
10083
51282
80731
3714
9439
5362
4833
441631
56954
83541
3593
90952
3175
11221
11282
63027
9990
3097
11176
6711
10114
6710
57662
1967
5636
1445
55793
84940
9459
57718
23367
1639
80312
57553
26173
2911
7750
23077
51637
8328
84062
23313
26268
84619
56006
9655
203190
54674
92255
23070
8450
129563
2043
65083
83943
54436
63897
728464
57107
57127
6514
169436
5470
286151
23557
64753
116986
1213
10099
81688
10736
51035
25977
100534599
1915
9806
8030
3550
57419
1808
11231
2617
2902
57062
84191
2200
6833
148229
200035
140625
10800
10881
84203
64421
60625
3161
79955
81033
3619
27148
1756
114908
118472
4223
200008
55768
27229
219681
100652824
4158
2669
5030
83594
192666
3827
8796
131669
80119
64839
81930
11169
55107
112
58525
3075
79776
4330
50509
939
1459
5000
55617
50943
10611
112479
4241
79954
79836
729830
50486
440603
9578
6840
79834
9895
6872
57519
23072
92014
6320
6455
29116
84519
4861
286205
9601
7976
2822
55727
58526
399693
55818
151246
11138
647219
3489
819
81532
2835
79777
84148
11221
8317
6938
57535
9826
10114
57582
729540
54790
65250
55101
9715
399473
79147
55152
23314
6599
23254
1786
100101267
399687
144100
9887
23654
4628
51141
549
8634
9807
5089
10283
9885
81832
9440
157
65979
4849
8241
2894
5774
55852
100132146
9849
2803
10170
79589
7443
51378
23341
254268
4943
79002
576
546
1981
11076
51154
23017
9445
25974
3775
6124
9709
1386
1955
151835
5211
5579
9854
6792
4976
391356
10260
3757
127731
5460
84221
5732
80237
79269
6891
375387
5151
55008
7543
65981
51735
201625
10201
28992
6503
100527949
102724788
4353
84875
23328
167410
3903
9214
23378
3455
5618
64839
155038
64866
10631
56143
144455
3707
84033
57130
64759
57214
57451
675
389177
133022
1815
9355
137362
1121
10926
8309
148266
1005
23264
55333
51218
27
23279
3636
1302
23269
63035
23293
5565
1053
10687
2683
148811
10298
731
55810
115426
7225
148741
92162
1280
22852
23285
23250
79853
54981
9957
11314
79594
253832
80256
4665
4089
81844
64783
8897
9980
5795
55777
64221
9826
388135
9334
79190
1141
79187
56062
114799
26050
9699
374654
5335
6651
9748
6621
2066
8763
8328
64168
51495
4987
3736
81490
11283
23229
25862
11319
27352
9382
114882
5976
9688
116729
5314
9508
149428
199692
7166
3937
8639
8748
80095
6843
26999
103
2036
7178
1211
79004
6128
149951
56934
4351
79603
10623
84448
339855
583
6732
55184
1982
57062
4004
55125
57477
55914
140732
2762
3077
126374
170392
9132
10863
91624
3700
8170
56142
3547
23244
338661
28954
7802
9120
7755
10956
146909
4646
167410
6917
1861
387763
56301
5357
132320
7089
80271
83538
375033
3718
646
55035
23166
63977
84033
261734
253143
150678
55299
29780
9577
284904
113220
8754
4241
143570
272
65123
84285
256130
84976
1636
4750
6872
170692
113622
2073
29071
57409
79810
51364
54578
8315
55167
55028
116115
2037
7156
6632
63925
3914
3321
9919
1908
10228
162466
1994
54793
2835
80325
11182
256536
825
64852
9475
118987
1659
6239
22907
27031
84964
81849
83741
163590
55361
23333
27133
10527
23644
57475
27043
1307
11113
23187
9853
10423
10987
84062
59283
23059
7342
7726
80727
90161
3703
57410
7220
1500
84251
27124
23518
387836
51750
55785
3476
6865
79635
7014
7369
1936
7593
11258
9828
4629
54806
515
10099
51075
8609
5692
7703
1267
54788
79012
51163
414918
10612
10291
153830
1982
476
391356
50937
49855
56992
53407
7476
126370
84283
2634
8288
84818
27019
401387
285782
3619
3673
3938
1466
254359
140
4314
827
94121
55827
23047
339416
51101
10666
9913
114801
151230
389118
114822
7051
25780
284076
140612
79612
389197
23513
23294
9821
11073
84239
29093
2773
920
55285
169166
64419
285513
81788
56257
6549
8496
374882
54741
3636
4638
1956
10743
146177
9693
89796
284131
9249
9653
80199
84971
55421
329
252983
2192
84343
26524
6281
23371
6558
1130
23078
199990
56616
6423
55011
23219
56888
51068
10558
6730
168002
3785
400966
153090
51755
3096
9980
84220
340348
127700
129080
5033
224
26137
57646
56479
80309
11083
4297
81846
51366
6830
23277
10608
4232
643664
2675
340146
11252
84056
7287
10054
92737
6925
4719
9181
9254
343990
6294
58527
10735
57211
201266
222236
64116
6677
84171
83706
283847
400673
9780
116931
491
10961
388
55186
6386
6606
1025
51309
26135
729956
55975
25999
10059
22895
6493
22824
83637
6370
202
53905
26057
8710
200205
84690
729920
6259
133396
10863
254225
3700
54726
84451
4041
1630
348093
170370
3052
5471
11124
3556
83756
57623
54965
84365
149986
284358
3055
79866
6041
1295
122481
6403
56143
161357
79956
65266
55835
9820
11214
4863
132884
147841
5510
220047
2002
11116
55277
85458
84902
56257
59350
57648
567
441478
30849
3915
26058
4796
57509
51585
114827
7138
5015
51312
6295
8517
79709
114770
80308
51088
79812
133522
642968
83990
55818
146057
80206
79853
408263
27292
10317
84548
4676
51193
56603
22938
10072
23339
27031
51755
9739
4651
25992
84461
55670
84060
57552
183
23759
22821
23367
3156
317
57553
8239
57634
55605
577
9772
51014
10613
55048
3706
10469
79872
81573
81609
4121
8451
56241
6049
8434
84251
11325
55690
4633
285335
9994
3171
4968
90019
146439
145483
2515
84891
4062
490
65268
9696
51552
51560
23017
6130
7265
5250
7385
7846
3187
10922
2571
84340
9797
55184
3308
8663
344901
144132
1105
90342
81875
3181
84517
257169
79411
5151
54989
80157
56102
51284
222194
8736
140469
80177
196740
3127
5077
10082
64333
6773
3371
286336
55211
284018
64359
5897
9014
64344
9779
87178
4361
4593
1662
57101
5727
10076
261734
58525
57724
3910
9308
5613
7157
10875
11151
10570
8985
823
57664
5073
7110
5203
84417
7148
23450
54887
4301
1636
344148
7057
58477
1628
5806
435
1573
246175
90379
79709
4281
54537
117246
10268
23223
84669
54014
79809
79154
27120
9452
7884
5886
51106
54414
440138
1961
90231
2048
23358
23523
1362
8924
1612
84159
84311
28962
11228
26156
388115
5580
29855
26036
56252
57524
23277
7750
57634
4622
25943
6427
64112
2819
56963
51295
9784
6675
51031
7188
55275
55740
215
8450
129563
23350
55627
51272
4625
54892
79370
79091
7108
118663
6936
7769
84273
27065
8997
8085
7916
79005
283899
4615
7102
127262
4190
51412
23029
10576
65082
55218
10443
1620
10059
26059
9746
10791
10260
9401
255101
6457
84068
57105
663
494551
9880
158158
2491
9498
118491
220042
5205
25894
338382
83461
54898
3851
55055
154865
53841
9687
420
221938
1999
387763
60506
5971
4739
160335
57091
51512
5395
3071
220001
51430
10564
80122
3679
9658
57224
11264
5510
5893
64429
342574
140706
58504
84909
79836
823
50617
374882
3956
9353
157285
23293
57540
3912
284434
23140
64853
27173
161291
7283
23621
55171
66036
3752
25854
51460
219699
51264
7402
10013
23033
9869
6876
100527963
57369
9673
7477
57494
8904
2114
8395
2263
91748
23335
55636
5430
5795
7226
9739
6901
573
8703
1871
331
91404
1889
320
57524
23654
8871
26173
23049
64411
1314
581
8446
116092
26190
5269
4208
56006
11168
22879
56121
10989
64145
142678
152518
22870
387104
132720
7757
7455
7139
2852
51129
4580
353189
9836
11187
80774
547
9780
490
3093
27113
64499
25974
22913
9796
353116
9028
18
51163
26092
164832
9762
53981
5707
8916
387718
4308
152273
55023
7913
10078
9212
51174
84168
317781
114803
79822
56135
401399
84451
9656
4588
10242
55216
89765
222643
10683
571
10117
4360
348013
27071
89884
10667
8322
2356
55282
80258
29943
57326
1829
79726
57617
64848
11064
64778
675
4863
26011
5898
10352
93183
871
3988
200081
6549
9886
10640
23288
55698
11102
90120
9321
23216
197335
23129
9381
260425
146177
874
7138
338657
55437
1644
83694
8715
734
151651
165186
117246
2739
171023
55704
23131
4649
928
84305
3651
165257
2781
63874
27342
78991
9975
64847
153241
729540
9590
55160
6710
23037
4926
56937
387893
55217
814
2588
55139
23286
9842
4628
57614
1951
65125
6093
8913
2186
389421
54902
23386
400745
2027
81539
5218
5589
6609
51474
9874
10479
114882
8434
8720
285973
138307
7399
56165
117194
91862
3291
114625
28234
22
83903
3094
22983
23379
2909
10857
4637
25974
79720
8508
5250
10314
10211
65110
81533
23295
2621
84445
10446
10787
4967
2792
79915
23191
9857
126792
26301
55507
22875
80021
51393
27019
80157
4745
79875
56142
3791
25894
135932
5432
7264
9582
58985
8833
5145
9897
168455
2267
6908
59342
80745
221302
79788
51512
80183
1606
64794
646
54796
10198
64759
253143
6873
23774
63977
6302
283078
3232
9127
55821
54815
81035
84230
6660
126353
64780
2995
51026
1956
23046
9681
344905
3915
23140
6091
50840
285605
81562
2774
2567
55568
203054
66036
116115
152330
60509
5368
64397
56995
7109
23131
10280
116173
285800
283576
633
7268
10039
2078
81610
60561
3815
10114
575
6002
57455
54897
5428
11040
147965
4942
55657
84280
147968
6599
1291
440073
57475
29123
23019
3708
144100
9887
25911
202052
55266
5305
56963
8569
7448
162073
284339
23179
54839
92255
23518
47
162
2533
91574
6328
221322
219770
144715
221150
285172
7769
51057
164312
1410
6654
9110
57096
64710
64838
7257
348
5692
10150
64689
116841
7384
51322
8087
9479
9867
113026
160
9746
4257
79832
987
168507
123688
143684
84842
6911
55756
1260
2000
23456
4171
1763
1824
57194
140766
4153
43847
285386
221833
29919
149095
100507290
55930
2267
8092
9637
55290
27434
10492
57678
55521
10270
5990
143884
442213
11095
3910
5727
1293
11128
5442
9411
7123
9158
83873
3206
84901
4199
27291
23288
272
314
90523
7276
51227
57514
7057
54880
79813
1284
55814
23365
84688
57215
840
2302
23099
875
57489
4478
23385
8874
7290
83657
146057
57479
57186
8499
65265
10186
10023
56951
4170
8111
261729
10445
10235
1298
56105
57455
51755
10297
22998
54856
55209
51465
210
728215
83605
4322
27336
284252
92797
23271
3708
27253
63893
3778
6904
493
51141
7781
23386
3190
57586
83450
23639
11283
7586
23185
29911
6749
23193
23175
5976
134957
400831
6491
57674
79815
3762
6871
254528
28234
28968
287015
8926
23255
8831
21
8079
5223
25974
347252
55379
55968
55501
10314
10965
23481
79068
11054
9921
10446
64319
480
116461
341208
6833
202
4795
5652
5892
84072
6512
91828
132660
9910
85439
79955
5158
7486
54505
58189
54584
390058
3035
9984
84069
146909
5101
3364
1264
7903
136227
94233
58538
90187
55282
80183
57326
144455
56147
375033
9882
255631
6708
9640
284403
9843
643904
80045
220047
11251
83989
1379
28514
165545
199920
84902
10149
6391
1964
9765
55814
22982
6091
9652
27328
55619
4821
8635
64393
80199
7358
3752
8444
90379
23034
421
7290
80742
259282
55339
151246
7799
441631
1745
51108
23495
53346
2781
81559
10413
374986
8787
90826
23198
90957
84220
118987
64221
6249
440026
221477
79190
63876
79971
6801
154810
222950
23654
8913
57524
4628
8648
89797
57513
84792
58511
257068
57185
50859
1195
51760
27250
84684
84679
64092
63916
23167
129563
11325
24139
4477
7399
154664
124404
6871
3762
6472
8639
7369
287015
5534
23139
347240
21
50632
6137
5354
6418
7416
54765
127833
8878
10391
5252
84502
273
84445
81492
9258
5168
10791
987
3681
1286
345274
64843
8987
6502
2160
5137
270
57786
7579
84083
9937
8736
162282
401546
126789
254359
201292
120406
23098
84720
26098
348013
3422
30813
6123
64747
90293
9033
23329
4867
80125
54627
10392
4077
4853
50509
11073
1464
3720
7145
7079
11266
58497
8704
147183
27079
58504
55671
976
81788
64780
6866
57228
4750
31
89845
79670
57642
157285
23451
23564
284161
9653
146434
285641
51078
9891
54716
4013
4931
23515
348235
84125
2195
22852
4864
51330
8804
64223
81532
9573
5886
10307
55374
5096
10174
80233
4763
9745
6261
55160
6334
84159
23404
9946
10681
26156
10163
10155
26523
150726
4035
577
6651
11280
23277
90134
22862
254778
64112
8559
262
9463
8435
3297
221496
9211
79802
3551
6924
9382
5291
5514
26031
9246
368
57674
9650
258
10773
22845
123169
150082
9836
51286
26160
9645
9696
7345
3005
9528
166
794
58
185
8396
100506658
5728
26986
5579
1114
10769
161
23544
254956
343099
9816
57670
11274
2826
7472
55615
283848
79611
163131
10863
150946
55130
4998
140766
57194
43849
390205
345557
246330
201501
5429
84875
10319
2267
115708
653145
85007
9420
10492
9873
5990
7051
80258
7159
128553
2042
57130
1464
261734
4853
5431
1770
5898
63943
7022
5118
2585
91768
6338
54536
79803
64786
219736
440603
51367
376940
26058
9321
166647
55083
197131
83660
8774
57017
6944
10493
7066
343702
79968
3751
4017
23263
7290
10650
115
1130
4864
57493
11243
56674
79672
51108
4676
29995
10307
908
55295
6774
11244
55870
23095
85358
55209
158471
1278
29880
54943
55759
55657
54929
114794
64881
6599
55809
2317
2194
8189
2066
8648
8888
55327
202052
6483
10900
586
5360
2743
6729
56339
55591
27352
10914
5774
23235
22803
7461
128602
6263
7399
66037
79091
90835
3363
242
101
54084
11065
54806
10902
83992
9364
283899
4357
794
5692
3939
54682
5522
56853
57689
10771
3192
10892
11054
16
92521
388533
168507
2736
9857
84933
7517
10800
635
6464
55635
23411
2492
85439
23683
7409
4033
55576
29099
10686
254359
6692
2099
222611
57020
1281
83886
389158
51554
256394
80127
2070
2182
5990
10903
64344
79778
4126
54106
57451
11073
9658
55582
7145
112
578
116064
3872
54093
2968
57720
126353
6533
8309
139221
114881
258010
51506
80144
94137
2073
2318
64682
166647
57580
58477
6770
373863
2683
22888
55028
202018
7182
89846
7224
126820
1389
7799
57169
64430
1952
5957
10280
165257
951
54793
4886
2888
284615
501
105
9711
22907
8938
80014
84159
9826
10765
11040
9410
57136
814
2588
2982
26036
57522
9772
6621
10277
100101267
23271
324
3778
55327
79676
124540
4092
2107
57463
51747
3902
3747
55131
79948
55294
5289
4122
57488
3092
170589
4625
26873
84691
3885
6865
339559
1188
4943
4603
534
2314
23316
114783
529
6648
84886
5307
5292
27319
57060
23588
8731
81533
5910
7559
84445
81492
23380
284058
10302
152273
389763
22995
140732
159371
84243
9476
50805
3792
2000
7738
3101
339977
1763
9785
7153
4153
54898
7264
149998
55349
10568
5311
100652824
11062
89978
6755
389400
54938
79902
29943
83478
80125
90187
8038
54521
128553
22872
9820
3679
23094
28996
9658
729458
3033
1801
56157
79712
9413
79730
64418
1300
9092
2015
51527
9992
89845
2321
30849
146177
57519
81792
79813
79169
5531
840
122773
5663
123876
55812
55171
5352
84196
4147
10912
80003
59269
7109
394
29893
29087
4601
56951
29995
285237
10445
11221
10905
10767
64132
26115
57507
7837
5430
23248
146206
79754
123606
51138
2926
162515
140688
51347
3658
23277
8913
1954
8943
5097
63971
324
130074
29968
11171
5164
1454
7266
56006
5218
65980
114804
23070
9915
55959
2899
7087
50485
245932
56165
29881
7518
340654
5232
9702
1056
1936
56936
8815
9737
21
4644
5684
64769
5292
25977
51759
84457
55500
6598
81602
57613
54704
4140
2617
6731
4659
9678
474382
343099
115701
6101
5341
4795
221391
65061
7048
91624
5519
158158
84451
360023
84133
641
25914
7462
390201
7802
51313
1122
29930
4791
139818
5634
93210
1666
53838
158
5777
5990
84812
5351
79072
29119
91653
84219
55582
85378
10788
80184
79776
64848
131870
114987
11326
2149
652
10278
84902
143570
54916
79173
27134
2173
83460
57636
94137
23145
4638
30849
440804
22982
64834
196410
2531
7021
1544
7182
373
10133
5588
5046
54537
64981
25851
2195
84953
257218
29893
8153
23551
951
100170841
3766
11338
55571
5327
5791
80728
3897
55345
57608
54856
375790
23355
80864
65989
5599
10817
642938
8662
2889
114879
7143
9853
90113
9651
5332
3064
84181
599
79991
9454
6619
9861
7287
90007
6729
57504
25903
25839
6397
57663
9181
56949
8434
23643
79925
375616
3476
10880
4179
64129
81887
55253
57532
28972
10021
9378
116931
157567
6137
79041
6175
390748
79084
22822
2806
29015
3746
7275
152789
6732
9513
3308
23030
153768
1769
647060
26154
152098
92979
5892
149076
2591
84140
80028
55214
55732
389761
389762
1756
201625
196383
84134
170825
130399
590
64333
729262
9669
441054
89978
7903
10449
158297
2070
8796
5992
64839
6565
8038
9627
25902
64759
23086
22984
2956
23294
9648
7123
9079
9467
11151
646892
163033
57717
54916
10371
5143
55622
51026
149111
57514
84172
2318
6872
60676
25960
7450
27173
5565
431707
10316
341359
83694
8697
134359
10484
84189
10153
4282
7109
57520
7402
54549
1745
51693
64223
64708
53346
2957
57570
1629
4048
3295
146050
5287
6239
3899
91752
9739
10765
55082
5936
594
23516
2115
84919
6650
54453
55605
23352
5097
23644
7750
57448
10178
219541
3182
5595
5269
5577
1134
162427
80727
7203
153769
1607
1855
80155
129049
5900
4773
389124
8857
9508
7518
79635
55255
22845
83933
55027
120071
885
57148
4666
3054
6638
79073
1876
339983
22924
100534599
644353
2026
10946
9070
22954
53981
10059
37
16
8216
140880
9172
7038
3757
10078
8987
127343
7101
164127
79801
8626
1962
56104
51194
284001
25894
219578
8741
54584
140578
9469
7755
571
4172
139818
415117
348013
140680
1456
83894
2329
1013
11309
203102
221927
55526
143884
2049
5727
23043
58525
84033
91156
9882
375612
59345
5467
55178
5893
54857
54567
79803
284069
161394
54538
6590
221443
9736
55628
5493
150221
22982
79937
344148
57215
340719
1265
24145
10762
84135
55721
5188
85406
10733
114818
58526
54549
394
114815
170961
11267
79698
51072
11340
164091
390916
7071
90441
10056
10489
7804
8938
6326
9646
2324
6508
8729
30819
150465
55915
9529
114789
55902
54862
6594
8411
90113
23020
25758
773
65125
63976
27129
1230
27122
10212
3275
3902
84966
84749
440
114883
55677
1607
24148
29890
5514
9181
1058
161497
11093
101928601
90019
36
146439
64772
221458
1188
534
4131
4130
23284
529
6137
7170
344807
57471
2135
51614
23208
353288
41
122060
64061
11231
9870
16
659
638
987
1080
8735
200205
50855
54363
1160
6528
3594
7128
121441
25865
5836
56102
7984
25836
93190
51076
10686
55971
81544
3689
55366
55183
339416
2487
5134
121340
2662
9938
221955
152206
51603
23143
342357
57577
646
254251
64759
221178
80184
23211
80122
389177
114836
5467
50943
6769
146956
629
6660
255738
10243
487
84285
79001
84627
9509
26058
22897
89796
23046
27328
284161
79169
6474
7003
153396
222229
26002
2589
2038
10153
1540
64981
57169
54542
23371
23116
134288
3489
9117
6422
55303
145482
390616
11338
23560
84078
9711
1362
23095
51780
729857
158471
23268
6657
1891
2023
4794
57175
9950
22880
56097
23312
9515
8202
57188
89797
57524
160851
3396
2770
5064
64766
23192
51143
151126
10152
6059
321
91746
54764
22994
84251
374920
285368
5196
6491
1950
54516
124590
55255
9618
92104
5251
4603
58531
9031
57096
1660
3093
10589
10660
7177
23531
5423
1191
51631
10659
22902
4355
4779
9236
10521
9967
2185
123264
164045
3339
84144
3077
169026
9212
1510
55775
56133
10224
3161
27147
84083
81033
778
4703
7570
51076
1506
3780
25976
4353
8481
9940
376132
286336
8572
64321
2662
8884
90187
23177
132320
80183
7764
56147
8038
65266
79705
112
23294
159195
9648
128414
2660
9095
1024
5000
2869
10585
6549
7112
64418
4916
54331
6391
84976
23365
1244
5493
26058
54880
6091
3613
389119
9941
51741
4204
51435
56259
23607
6337
57562
868
254263
253959
5796
80003
6329
84769
4632
84934
51015
633
10102
4665
2563
3560
10979
1488
6586
7155
91752
55031
8289
4756
60496
9255
23210
57175
55315
91694
9162
54805
84146
8913
11113
8189
57609
22990
493
55654
10987
84245
57348
57185
143686
140679
162427
3747
65979
6924
51133
9382
55852
55074
343450
9616
10734
4065
338751
3759
339745
10562
23357
340562
51514
5147
25782
55832
2915
23521
7879
166
482
1155
8128
51466
51808
5315
5126
50809
1114
7559
6731
659
5921
140880
144132
10350
55125
57408
5009
84068
6462
6452
54101
26167
152579
5836
5158
79820
200576
1287
54955
56245
399823
130399
51005
313
10507
64800
8676
27071
285755
117283
120103
29978
122481
84460
80183
51603
79819
2045
7060
5331
63977
112
10076
3910
55582
23704
112840
553
4735
617
57708
8309
165545
161394
64399
56110
51506
150383
146177
9381
116984
7450
5493
31
7148
27173
27092
55742
5176
654
8444
9657
26002
8482
6103
4147
10092
57186
1952
23310
1130
80772
28511
51108
10272
5954
1634
113278
390616
153222
100526740
10426
6508
729540
25930
23239
5800
55345
83700
28962
9267
217
340120
1653
64285
389677
10128
4628
9748
6830
7175
57619
23200
10971
219771
53343
586
7919
4208
1718
6729
9440
55153
9729
6548
2533
23500
55627
282973
1164
85440
57549
2769
9319
3062
391002
287015
131831
164656
25817
2314
23284
23504
7345
6638
5999
8402
7416
4733
10609
644353
79137
284323
65018
9870
1742
22895
114823
5708
345611
84144
9857
27030
54780
143502
56034
27304
83875
79611
166793
79729
7579
1824
389761
23090
57579
79817
8644
79156
3851
8761
2998
50628
25909
10251
114897
149420
168391
284114
9278
1013
5333
115584
147798
11169
154796
2041
613
357
3709
10351
23513
284403
25805
6442
56157
5118
58497
57720
9371
64418
5073
9819
200014
84141
51373
6336
84627
4750
260425
4638
55689
9693
255488
51010
51567
50846
23097
65244
57565
56259
64895
84196
10083
7329
7468
58499
7403
23060
10287
9367
6477
7035
10102
283985
10558
8140
8732
55527
29953
5187
22998
4798
84461
8527
7994
3280
253152
55759
6507
4322
6196
5257
2897
8202
63971
65125
8943
23020
776
22862
5626
8559
55830
10474
10294
6729
140901
56006
10916
167838
9844
153769
108
1740
9905
51306
2882
5314
55558
3601
340654
641371
114625
28968
255239
83933
79002
490
283450
23309
5730
396
509
6128
53615
56970
6794
2224
1386
134218
26993
7559
65095
25791
55964
1739
153768
2177
4052
3635
100130742
2856
4800
2863
124535
150763
79611
8626
80724
9894
220042
55811
55576
123228
10193
151888
55794
2053
23569
57167
10207
64063
642273
4160
28969
55716
27097
55243
11309
64344
4867
9675
81930
57835
23166
92126
3910
143162
9648
55835
5721
25797
85465
7157
83873
27079
94122
168667
6832
7553
50617
149111
91582
1277
23450
64324
2321
85376
8021
2903
27173
84138
5538
83593
2113
57038
79735
10419
4281
8622
51460
7125
23511
64478
25851
27445
8817
23474
56951
55011
4170
57494
60313
411
1384
6542
9862
6239
9757
23095
4040
23301
23358
83451
7494
7260
23291
55213
10199
114879
6650
2911
23644
9778
6585
493
80312
10128
5373
6484
11342
9394
3761
2622
1718
8539
55182
4983
54861
6749
26031
22870
25
170506
3574
54892
27443
8510
2516
10326
3363
11187
26049
8748
11165
6653
25782
5310
6648
664
292
2823
10980
1022
7080
1040
54407
283209
5347
9479
322
9912
4744
1938
56849
3710
55567
63892
200035
2865
6838
55615
149954
64398
6775
55214
56109
1439
11259
399909
57579
10201
201299
79444
1586
375686
10956
196
3909
168455
284612
7903
79576
79020
5618
51725
54893
389118
57158
56100
161357
442213
23094
4604
675
112
55075
10198
121053
130560
55617
1368
3475
10570
3141
10371
117144
10640
4952
1317
390992
54877
9381
56886
80144
55628
7840
114827
116150
10950
79810
80851
27286
246175
254170
3305
2192
23637
163782
51504
9968
57493
54542
253725
57095
3489
165257
9761
8111
2779
5153
148641
7296
23527
10451
10752
23158
57578
54856
54790
5187
56061
54840
23210
53944
2926
28231
57646
26050
27043
79784
4622
55904
8411
5108
22997
84294
53343
4856
6619
51295
63894
3611
81573
57699
55661
23108
8443
10194
3609
5291
9254
140836
51294
84166
26696
9319
167359
9313
3694
7593
51086
60675
54477
8470
57498
5730
27344
794
832
91300
5575
2026
64744
2923
2166
4355
9870
8453
2686
9682
4967
27179
987
3710
202
246777
55507
4795
6502
55892
7552
85416
730087
93649
91179
79875
32
545
83890
84524
7264
202151
92935
10464
4261
2
1734
813
55343
1142
374877
9938
9945
1013
9873
389118
56100
8573
6768
57710
2956
5998
91156
57510
92126
54960
2773
64429
5939
5118
55808
6533
165545
51252
219988
256364
4947
493856
1277
1244
23272
31
2073
79813
3915
763
375341
6611
10807
1544
8697
79884
90379
23598
1540
9710
55312
139189
57572
4851
56999
29087
669
11340
80349
3726
1677
27342
64781
9546
1601
64852
3899
23152
23358
7155
57683
23158
708
54438
2295
8725
5819
55139
5979
116988
440073
3064
2194
4008
204851
1307
63976
9526
55973
84649
79969
3190
7448
9813
5468
80829
55131
55737
6046
23207
114882
100131827
26052
118932
6328
256646
125972
124590
8723
255394
9836
131831
286151
9804
57148
1660
26999
50632
51119
57471
10660
9643
6456
1452
811
8522
6905
23481
7343
23353
84445
480
55799
644100
22795
26057
55667
84690
345274
200035
222234
3652
3566
7738
8323
5836
84250
339977
9332
4041
26231
3559
84524
10062
4780
8833
4172
92949
81848
339416
652968
624
2328
5777
9567
114822
988
150468
80114
7764
85463
80000
11128
3720
9882
84033
57724
375612
51298
4088
55178
10491
25939
22794
84909
2132
3428
9810
6866
84417
221935
8021
64682
9578
23225
1956
54880
93343
51657
123263
8448
8854
23607
731
203054
22849
25959
94026
55851
5927
399693
79809
23371
430
4435
137392
6836
51726
145447
51093
64781
256536
644815
26091
5787
375056
1463
22907
5784
729857
374
1852
80856
10827
29927
3835
6559
54443
23505
23040
27327
23277
57221
9853
9748
10123
7991
159296
55884
2665
79872
63894
10006
114781
114088
604
23179
2043
55084
87
1000
339210
7757
259266
5074
3568
3759
26256
55027
3973
10861
534
473
9881
2734
5869
9032
7170
7140
7265
10120
5704
7080
207
4677
29979
10181
26133
5296
5066
2901
378708
1769
54825
342184
10331
2762
28
9476
151295
81627
10009
4047
206338
3700
25865
778
51735
924
83461
134829
55454
6342
10003
81796
55930
51101
79927
57412
56923
120103
5562
2182
5992
64924
79072
3949
51421
5932
2956
5442
1290
7227
11128
85378
56902
399814
152877
6862
646892
56623
26020
64399
1005
79867
57113
57456
5376
23365
7148
57597
197335
1794
7701
31
196410
84138
11344
55437
23097
92140
254170
8315
2632
26524
163782
64792
115
9639
171023
54549
65265
124944
137868
3207
79133
399665
84641
9122
23382
81844
93627
7226
6334
25962
22937
284297
22998
55347
6094
3105
7453
8780
91404
6599
2897
26030
1314
11190
9853
23352
773
56252
10654
57168
4761
256987
26580
2562
9295
23087
10528
4524
114883
10131
80012
8720
4773
55959
1419
127294
342372
79852
122769
441869
9618
83903
101
284086
25817
4133
3054
6305
1192
10099
8402
9352
51035
2697
116841
8396
6714
64225
7732
57658
6731
55184
10313
9747
164153
2736
3716
10973
2831
79805
200205
6906
6259
4025
4057
133396
51194
50636
348654
4053
57530
4153
10193
28992
220213
10782
84069
59352
80070
1264
81542
4440
133619
80745
5618
57631
9873
2131
9779
8573
699
3698
6331
3075
57688
51430
9843
1464
112609
133022
462
2740
83989
129881
79836
22794
84632
2132
79733
3956
83460
81792
23405
8658
197131
2321
116984
23132
124460
56160
83787
23172
3859
64788
29803
55812
30011
5139
6103
6993
259282
55127
7402
79659
2258
84309
9673
4254
91603
285237
57570
85407
8161
10174
55656
146206
118987
285527
3097
25962
9826
6443
573
51463
84954
8725
55638
23677
92797
80309
9793
204851
26037
286
84146
221037
51014
79676
6484
340146
221476
4205
81832
162427
9962
604
321
79745
11100
24139
63827
57649
152007
10274
368
6555
84553
389208
2444
84171
56132
51086
6135
7158
8618
8927
23521
79929
79641
8775
123803
121665
26263
257629
54849
7275
170954
9500
10939
6252
10313
22883
97
7273
55914
8502
200205
257
27349
135293
51148
3082
56133
220081
339977
3101
7579
23090
10388
3007
3112
79679
10062
1503
79958
10517
19
7083
340481
81614
7201
1543
219743
55243
64282
6565
64866
55112
375033
9113
80122
10564
132884
57710
283149
254251
643904
84267
1358
169166
2149
54884
139221
55922
9371
64855
745
11102
79001
9652
2903
8021
9381
23072
6091
23005
64853
6434
2636
6605
23621
51599
399664
55721
256691
83394
8622
440955
9665
57520
728763
22999
56616
10573
84335
554235
57406
54838
6567
55108
4089
29966
79065
23332
4054
25831
25930
10497
6710
118424
50814
79190
55361
9812
5782
79668
55683
23112
57619
57585
57609
5108
4035
9203
398
10488
60672
10294
80700
2534
55239
9655
9776
65979
9610
25921
6935
114787
57703
610
83943
127602
56165
653567
3291
23306
80153
1188
119587
54910
11075
2580
57148
65217
5869
5689
7416
25830
137695
8667
25822
51704
25814
65082
6506
2621
1209
65095
284058
2185
6370
8735
1462
727905
84933
28
2837
10881
387712
716
60560
317781
339977
9635
9894
51196
2906
7348
51084
340595
27159
10683
132014
50628
8243
245711
10670
6908
5973
1582
55103
160335
4739
9033
23329
200373
9662
23065
1729
3667
1770
11128
55035
613
125997
4287
58533
9577
6256
2896
64175
25800
219931
56124
10036
6387
51527
23365
1284
260425
54986
64324
26058
5793
388121
874
4985
64222
54920
23650
348807
26354
6337
117246
23533
729991
5927
54542
399693
84458
401474
10287
27309
55156
1819
5739
27342
80339
7030
54867
79677
5255
84162
158471
253260
4627
83481
553115
81488
9267
1124
23516
80705
124565
54462
776
29998
9814
23312
57634
11113
221037
3396
84321
6483
50859
8678
80727
4836
3611
2729
57410
55294
165215
5289
22803
27044
1292
4477
5949
57674
26696
340654
79635
10475
242
254173
11187
54205
23504
576
9863
51552
9145
91300
196500
128240
84993
1123
55819
10659
84447
151835
201255
23396
9899
161
22820
345611
55023
389730
131873
9212
85865
79957
84944
6464
148022
440590
150763
9894
79820
3101
25914
140766
54955
26589
6236
10320
9154
374354
203859
1281
642273
55211
302
89777
200150
79902
84460
83478
80125
2242
7100
4077
339965
57688
1290
58525
9843
55075
57724
83546
6402
5260
342574
115353
79786
1665
284069
5142
2132
56145
3596
25847
84976
55619
55689
8658
64682
9652
23145
83401
55268
123263
8001
23636
246175
23315
54915
10312
23263
259173
29934
63925
728763
6558
23310
28973
23423
29079
442038
2779
63874
85407
25988
65220
4000
90826
10114
285527
55206
5649
5784
23332
51110
257194
51547
814
55793
6733
284252
25861
26030
64411
63893
8239
9448
79784
9700
93611
7072
54554
26580
10212
51031
81566
2534
65980
10131
26155
157
8434
55291
1315
27124
135154
790
157922
92106
25884
4110
23608
255239
83933
80736
6139
9858
4130
777
8417
5689
22913
55041
65992
84676
6794
342667
7360
64225
25799
4140
9899
4691
22848
55964
100526739
1769
117583
164045
100130827
60484
390637
86
84102
8323
2491
80028
220042
9498
114991
9785
1287
1733
5509
3201
402569
55722
79767
4921
374977
135138
5449
79134
147699
5324
10644
5992
9925
9567
6524
5978
58512
57101
58525
7145
1294
6331
11214
55075
64598
26229
64429
55178
7157
51604
79707
139221
10371
3141
729830
1026
56729
7057
284434
25925
9652
79670
23145
57597
1522
50840
1490
64965
5071
144402
54503
6646
3784
6793
84343
4708
5362
9968
7468
10427
4902
26575
84319
9792
161823
283985
6892
9136
80010
149371
3340
775
8518
10297
22859
23523
9590
55168
1266
140459
1124
8220
126129
79932
10527
26130
23077
9778
7175
23061
6651
3376
54976
143384
10613
56904
9463
79605
84188
8550
6609
92255
104
7037
343450
3993
57649
11100
27177
4868
26873
207063
55536
51135
8689
11187
255239
55027
9349
2915
1108
8470
26022
155066
1537
344807
25977
55531
811
3421
55269
151835
2821
9762
2621
50
4920
5414
8620
6833
3757
57477
83445
10073
28
51439
126432
11004
375387
6608
79054
146212
79092
3938
4299
1611
339230
138881
2555
122786
165829
79364
3687
2967
83733
55425
148738
1583
63978
55282
123872
56131
11309
56103
8633
4126
64759
64848
64778
2157
10198
90102
643904
85329
27302
30835
5260
57693
79867
8711
54567
3428
22909
440603
8870
146177
283234
27328
84976
23072
25960
23140
8560
2213
9653
2584
2178
9891
10781
90379
5451
116496
9276
22921
6558
7109
259282
4851
134288
2878
285800
64223
7408
54148
1968
8974
55040
4139
3842
9980
158471
729857
5255
11176
6508
2273
2108
80895
54212
2926
27336
3996
94134
7094
57614
80309
22986
111
9772
23271
51714
622
30968
118813
124583
2556
1738
57396
7086
114883
51133
51692
57703
9451
23360
4799
245908
55764
26153
403314
80817
7108
7490
80063
126549
84101
60592
9743
283638
4130
5730
10961
975
7177
220323
55531
51309
5704
59084
523
4099
9727
84717
9500
10125
56905
6275
9172
779
3757
84933
7476
100130827
123775
5239
6891
7097
54989
5167
2900
85439
127254
25894
284417
54898
5509
9469
582
54970
219681
316
4969
54933
1875
91137
7779
255104
64866
10631
90187
57626
56099
646
57617
84033
57724
11128
5442
1832
80000
146310
54619
2002
6839
55178
90576
27291
5143
272
85458
1788
51218
2745
114827
25925
55689
84976
79937
8658
4301
157753
2213
30815
8001
7289
8493
8224
23403
23595
79675
868
83719
6949
22852
23082
394
79022
4435
80335
91663
7957
53918
30001
4067
5830
55212
23424
55252
9730
27125
4040
23242
57578
2274
127700
6790
83605
1141
6878
23150
8467
9778
79784
440073
57553
23187
10869
2317
10100
8558
3337
1743
9260
1268
7186
51143
57089
145581
151613
167465
5774
55691
27072
26054
143678
5314
342372
152586
84617
157697
2813
729665
26049
51086
25927
547
9881
8927
2395
347
481
5307
25830
5594
4674
10657
30846
89941
84894
6853
10059
23154
1804
23544
94239
23191
93589
4308
84636
54930
127343
2676
3038
6608
91624
1260
64900
79955
3508
2906
4033
9527
359
27094
10293
80263
22856
80835
1373
83886
813
7852
5973
729440
6540
131669
988
161931
122481
79956
8038
58512
613
9820
11214
340533
1464
64759
9021
8840
10455
83873
5939
2896
84225
147741
1665
58986
64780
221443
3596
440193
56886
720
8284
3915
9681
5793
157753
28959
79886
64965
55325
79735
377007
23708
2720
9759
10885
23625
80003
399693
27445
2475
23423
6426
6477
80349
57406
81847
5129
84148
55054
168002
89910
284297
727957
253260
3897
4756
57662
54472
54328
11278
4322
79869
2820
55683
22882
9814
79784
7094
10128
26037
1314
4297
51014
5064
55251
23197
3706
81539
11189
4205
10054
6749
4983
726
11198
91039
108
23500
27089
127294
5949
348303
641371
122970
81501
51057
729665
22950
23557
23316
285175
9881
5010
7165
2596
84264
347252
339175
25809
26090
1386
1955
7425
113026
5582
9053
5066
8216
6155
25938
4036
4811
554
159371
10692
148066
84168
56890
7047
81691
56254
51194
206338
440435
23244
54955
51071
3486
130399
10994
3689
10460
9897
8676
26270
3577
56253
55116
6583
56131
1842
91807
84561
1789
56103
7508
143162
23043
9648
9909
90102
1293
1535
157807
1477
51666
84173
5452
5175
10926
3428
23205
114881
7979
258010
23272
84976
57685
57523
150221
440804
84952
3613
6425
84883
4889
55323
734
2193
8715
55706
8975
2037
22916
5361
54014
9204
25851
51012
11243
388886
554235
54814
7268
4067
154214
113263
6240
8165
8518
2324
1301
8777
8242
55209
115024
29922
2741
2588
10817
80222
23528
22880
10869
26053
25943
89797
1954
55605
23019
201562
2770
6414
26268
8514
7287
10367
2561
57504
26234
6749
57709
50485
2533
80155
57496
53828
4868
150365
57333
163747
4166
63951
123169
79132
80131
10923
57142
8867
22985
5730
529
9445
8468
4615
4733
5704
5833
79085
53358
201163
10059
6421
26133
22839
3308
140880
5797
93035
22837
169026
11046
11081
79753
169611
645811
1014
55635
56254
84133
7579
221400
29994
338382
4350
154881
100527949
8031
10256
9510
8500
126755
3221
929
64856
151473
7430
1295
11309
10903
79788
91653
89866
57101
143162
28996
91156
64778
54906
5727
79038
1240
169166
51200
727936
387509
81788
93233
8850
1005
6553
6356
55273
54887
721
2073
23389
7082
57519
221935
29083
28959
9970
112770
9314
54879
90288
90379
283849
57223
271
4706
23060
79809
80731
2335
8153
430
284439
7884
124783
53918
6659
5931
26035
10072
9101
57592
4763
6334
9826
8938
54897
124222
112936
1497
79869
642938
123720
64881
10044
4134
23505
100101267
23074
5108
51199
23271
201562
79863
1901
4092
2665
23428
22901
79872
66000
23265
55174
4670
7301
343990
9382
23175
3814
54832
23318
9630
3759
36
146439
343641
1803
4439
4713
64753
23162
473
25824
50632
292
2823
55379
3420
23541
8396
950
26088
89941
6867
37
8404
10808
29
10572
389763
144132
3681
284427
84068
554
220382
160762
83852
57786
220081
5158
401399
54465
26019
140469
54766
51171
116969
55258
114327
23569
3099
57728
356
115708
26150
56649
83894
2811
55815
57678
9033
5351
132949
4077
558
1768
23166
23247
50509
171019
22872
221035
10221
342574
871
9955
54498
147741
255738
10004
94122
10149
57826
390790
23365
2318
116984
57509
729359
57514
64324
148479
65263
79770
84915
222962
1536
3739
26354
6897
55133
9750
28956
55127
57661
57495
5930
51118
27289
819
10023
4240
399665
84898
23452
8036
392617
11244
90957
23261
84461
463
55031
23358
5500
1266
3632
1141
23291
116983
26523
3996
1639
55605
79567
7175
8912
57680
84435
144348
64756
79863
113201
51582
9791
55640
84749
55182
55661
9844
3985
47
11100
57468
23360
339210
4548
10274
683
55
3759
344191
84891
26049
79738
8337
57554
283638
23001
4728
9145
1728
482
6175
199731
83879
9806
54407
151835
7732
11054
3326
7559
7812
22820
619208
25938
647060
8502
7913
554
319100
84283
3890
140831
550631
9333
25766
3101
118491
140766
718
283870
388323
51084
10811
55164
23163
25897
7007
51058
114897
474383
53838
11245
5027
55225
2744
57486
7036
1829
121227
79956
200424
58525
64848
126206
4853
2956
28991
10993
55585
2149
27034
153562
6660
10747
10371
5340
64434
51218
441478
1284
113622
57568
79670
64864
1277
1306
64080
29083
10969
55824
8638
9153
102724560
114800
23034
94026
57476
5435
23511
85445
23223
27445
27120
29893
23408
6836
2784
147015
283375
4354
10524
55219
23324
55193
27031
10579
84162
54790
221981
140461
200312
4055
94015
4784
8310
2009
55088
6585
577
9472
8621
3376
26030
4134
2706
1949
8559
427
2027
6675
10283
221545
51667
8570
92154
51474
23369
57715
65083
64062
4633
57211
11173
8846
55536
9245
117854
3973
133482
286151
11142
1063
114783
3069
7529
5730
91300
11130
57222
71
4720
2224
1783
57613
54552
3796
55175
4137
123745
55705
112616
6720
85417
50937
28
283254
100130742
151
494551
10863
23456
10224
50636
55732
2059
162282
2906
64232
2016
388323
341880
125931
2305
136332
3909
83638
3119
23142
497190
9420
283571
22974
55180
64344
55225
64794
9575
5395
80000
171019
159195
1770
54906
92126
127253
29914
285601
4783
58533
2690
199920
168667
5143
22794
64579
55273
79144
51479
344148
6840
57636
114
80144
3912
83401
79006
29766
126526
400224
10298
79709
348807
22885
9750
151556
440955
10013
55339
5362
10580
83877
29087
283576
1994
3593
163404
56852
79673
6730
55212
84229
2324
4040
23013
6326
55252
10114
55069
2353
10113
1124
347730
22796
10915
10015
23654
9203
8541
22986
773
1314
8871
599
79827
23582
51295
5269
3754
56006
2560
4121
10479
55324
54674
22865
23241
55084
57732
152007
54892
4892
10170
3575
10880
339559
126549
83706
81887
9403
57584
23164
9828
5730
6648
79004
344807
1537
55531
22927
8193
5536
815
26986
55175
1209
816
2914
6314
89882
9735
1462
127731
26301
284427
200942
5733
92736
9880
6579
80028
7543
51311
143872
5205
51735
54622
388323
145226
79799
8761
27237
29128
5365
642273
84504
6424
28969
124093
142685
6041
51512
51603
57147
3707
55036
11095
92126
80208
10198
10351
9821
23287
7079
26548
1815
126626
9355
54800
1300
81035
55137
976
285331
374882
4947
9681
344148
55717
57685
23303
23269
5980
27433
90522
8706
51095
6645
123876
84135
84823
146850
4776
133746
92482
57569
55704
6949
8204
10287
199990
29079
9452
23483
390916
29997
8050
2719
84623
9704
27340
4842
375790
5430
8729
54790
79873
79736
7260
94015
4150
5295
80018
51426
55757
4216
221037
27253
9772
64411
5097
10423
151742
9798
64969
147179
388228
27250
22901
50804
1855
256714
9874
1000
9451
11100
57732
55284
1950
9994
344387
79635
89778
57864
375611
8748
64078
7381
55607
285175
23309
7345
6327
2823
292
65992
57446
7277
257629
6000
5728
3746
9236
6853
25904
6314
9343
8190
23322
203447
22801
85865
283254
2856
132001
283848
79822
220081
1260
7092
51284
401399
25836
55811
51181
390058
283600
10107
59277
84532
53841
4810
51058
6809
11144
57109
5897
7127
87178
64282
1295
29943
9627
341676
115019
9820
80208
55035
357
171019
55075
58480
25797
130535
133121
2625
55808
147741
165055
284069
10004
10526
6698
64776
22993
84172
50618
6336
23450
4301
116984
124995
5565
30815
7004
7113
8697
7182
55171
80314
22877
4776
6142
171023
57495
7799
85461
28973
714
58191
10535
55625
51106
1968
5711
26276
55117
3699
83481
5430
23301
23125
1463
8603
7122
10552
25827
5819
3642
1147
2889
22880
178
1282
57553
23187
10499
57448
144100
8260
23386
25953
55608
10900
7726
84966
9283
50614
6310
1012
57410
9228
23545
23500
23028
92610
54821
3682
93587
157697
8513
9123
4439
64241
255239
8682
2580
6654
65268
50861
9552
2098
7130
1020
339175
3916
257629
10487
821
65082
57555
6272
57596
55799
57692
8076
10350
127731
90342
127343
100130742
57408
375759
151295
10345
5519
28990
79955
5167
85439
5205
24137
57045
100125288
54739
55177
11056
374354
83756
80205
4161
3903
51099
55290
7779
284129
247
54893
203102
64344
5424
154796
6521
357
254251
7145
64848
63977
10257
23704
5510
2002
81929
2639
2896
10640
139221
6868
6549
55898
25847
51255
94137
9681
114
79937
22982
197131
3603
134510
64115
30815
10606
1736
90379
3305
5596
84249
338707
80204
440955
55704
114815
23135
257218
6882
5690
388886
55298
2529
404093
8140
84148
10970
29954
53373
5430
90668
54843
1501
84461
57455
10380
387893
54890
5819
6510
51222
79789
2913
23112
9472
23271
26037
776
23077
1951
22818
6484
124540
404037
284996
8550
1718
10283
7586
65979
51474
55275
79811
90850
55627
108
5283
135228
2125
5074
2852
9245
5081
242
84171
8639
51248
23309
55832
283820
155066
8079
7008
595
6192
7780
4720
3421
10574
89941
92689
51433
10446
2617
23030
8473
654502
9654
131873
26165
126370
10668
1432
266629
51441
7552
3792
59272
23051
25766
55130
80243
253714
57045
55216
84187
66002
8693
51339
29940
7058
128338
4359
10095
27329
55890
51265
80119
3617
8796
7051
121601
3000
22866
255631
9640
57130
57214
11064
9231
643988
157506
9095
5893
652
55283
94122
5142
54567
134265
22850
51218
55333
56886
23145
23064
57642
57568
7644
6840
7965
563
92170
83931
311
55666
5826
3751
5832
1540
11260
497661
22852
8911
23285
10057
5228
1027
203245
79568
4760
57494
79673
8140
78999
10174
80728
8924
23158
23122
3096
55031
4897
79751
53829
85457
26227
23366
6574
64881
57630
57475
9853
26130
11083
9203
6651
57619
147381
55251
8634
8858
23466
55329
84188
84966
90161
10048
29911
3703
64062
51306
1185
9961
283459
1062
26873
286365
55
55138
256356
286148
729665
221393
8347
4629
116986
5802
9143
388021
11130
84154
53615
1022
7551
4144
2923
5518
55262
9870
57596
50
9138
2185
85294
27030
9172
205717
79805
11186
161514
80262
80021
152579
6927
7552
5933
170689
27136
399909
79633
5881
283600
9518
250
25913
79905
1179
55183
10670
83638
29122
64699
80313
79695
10600
57631
55521
5333
4126
65986
11169
171019
132884
2153
2199
23043
5998
150678
7867
1815
58497
4938
2965
3428
255738
6868
219988
56987
51506
90120
22993
170692
54877
23216
57523
84172
440804
221424
375341
2531
79714
7299
79709
26235
92922
26060
9683
9752
10393
5362
8425
55818
23116
164633
283377
4254
51256
55303
8484
7071
1629
256536
29954
9365
6711
6239
4645
80124
11176
54897
11343
2592
9261
90135
6513
4850
92797
222950
10869
57553
4622
29123
11280
11113
1314
222068
84245
6484
9861
5567
11252
1132
4205
284339
4670
9610
114825
51593
387104
57649
285220
375189
55764
5330
389668
79589
3575
9702
8639
90317
283417
4830
9677
57498
3054
5901
84265
79004
1020
8468
51669
408
23761
79012
29970
8812
118
10892
3796
22848
2891
51316
63892
6332
3710
54930
126370
84243
5557
154075
79801
121441
91624
9937
23102
56102
64283
27148
220064
150372
78989
22953
55164
9373
84071
57728
83886
79927
83590
5054
83894
283208
131669
10533
83538
64839
54627
57617
9575
6873
23287
64848
261734
51430
4853
51406
10637
10924
51200
85465
51604
8985
57717
8754
831
9810
55937
27297
170692
197131
85376
440193
7701
9693
7644
4284
64080
23566
8436
83999
734
11226
115948
30011
10153
2046
63931
9665
23371
23078
9972
51510
6876
165257
819
126520
1847
6892
2888
146
2263
23039
4897
55031
5428
3096
55193
8864
11167
79152
2295
23366
347730
129285
27161
3156
57614
57513
4134
2911
80309
23613
8621
147381
81565
3337
79837
9415
27250
26273
6663
10054
6749
28964
56121
80821
9771
1185
6829
3957
150365
54892
341799
340654
3568
84705
80162
28513
7096
266812
6942
9645
347240
3093
50632
1020
4155
7102
10140
2039
57515
56853
26092
5917
29888
259217
1499
11273
29
84191
727905
55561
55601
152098
84517
2831
55615
30061
114803
8626
716
2986
56254
152185
1630
57529
94241
138881
84240
27238
80263
4678
8312
4360
27071
7378
971
4935
8690
9119
1606
160335
79788
150468
7100
23137
342357
4853
9648
22872
23086
1290
57451
23704
157506
57604
51205
285601
1879
22794
5143
94122
139221
94104
2520
51499
9202
114827
27328
9681
197335
1306
3915
27092
284161
29766
84957
9306
79759
65982
56259
23034
126820
9683
259236
171024
1952
57722
22999
666
100527963
151313
9218
80298
1948
283248
7068
27005
123283
54434
285527
4763
727957
23332
5255
55777
57048
654429
3105
9328
340120
7090
26050
79932
23077
10499
4628
22986
9700
2975
8239
246778
1230
10987
23197
23237
143686
80196
55640
10906
114088
55661
8437
83752
6294
129049
79711
134701
4065
259266
59340
2623
10326
64582
57673
92104
90317
5217
9320
5178
26047
11261
5879
79004
79641
84264
51719
64343
5717
9118
3423
2572
55184
57628
5582
266727
3308
54059
57670
205717
9735
10073
79805
117584
2158
9060
9333
642475
79801
5167
65981
81033
221400
54505
91608
145942
79629
11317
23256
27229
8312
3909
2267
83892
171425
6123
80301
219743
4914
91807
8796
80119
341676
64328
79841
6499
4855
2199
165
22984
23513
55686
85329
57604
5260
10491
54502
148266
205564
55791
4241
85377
6356
256130
23405
27328
1302
64324
54877
7862
7450
26063
8635
2339
619279
22806
151393
29117
2799
30011
10153
1894
54534
57537
55818
257218
64430
65265
10186
9673
151313
53346
51507
6566
80256
84928
3295
84229
27125
2802
2905
9745
8777
8518
10867
2532
51138
1871
57175
4324
57466
10137
4216
23352
9853
6830
178
57619
51366
147381
8894
79183
5706
9463
26273
162073
51343
56965
4719
6749
9729
6829
1000
57663
5289
3814
26873
23120
541565
3575
54863
730249
738
4439
150737
7381
9031
8661
85442
6143
79180
6810
84886
8106
22933
64744
6416
10623
55218
9362
4905
3833
9912
3745
23380
6284
93589
2737
7273
7473
54363
200205
79723
79807
5519
80028
84140
100287898
360023
283383
57530
440435
51668
894
51117
54971
4001
64446
3684
7174
55204
79927
144423
85007
64747
7554
2242
9846
64866
57091
3698
56099
124842
2956
23086
92126
57688
170690
3667
390259
6754
5753
9127
3242
129881
2132
139221
147741
255738
55231
84417
51227
23389
8658
116984
3915
7082
84976
54887
2213
161502
84945
80851
55323
10865
66036
10746
9208
286410
57223
6863
25851
57537
8204
54542
133957
84309
9935
3176
2779
5886
8140
1968
80344
85451
9704
6239
9739
55206
4756
8864
23387
23404
56894
9917
9812
90135
56919
22882
22880
178
8239
80312
23312
51761
8871
54914
56915
143384
643664
56904
10900
6515
2119
10988
29980
10087
23246
79648
100529144
25924
84631
51593
140856
57211
154664
5013
339745
29944
2717
26
79800
80131
5478
23316
408050
9600
27243
51308
56647
55379
5306
6767
4974
5454
25814
9185
214
9867
6867
8604
9343
8525
340168
84059
93035
54825
92979
26499
387332
3263
6464
163131
10009
64421
254394
201134
4640
64283
5288
3604
64801
58529
285423
164118
57611
85460
5783
4969
765
6755
84872
79998
10492
56131
114822
8796
6041
54627
121512
154796
200424
389197
6499
357
221178
7227
196394
648791
11151
284904
220047
22823
28514
5212
8776
1374
91010
728489
246184
23145
23230
23113
344905
23451
7057
79834
1628
788
9294
55351
4129
8444
9657
57727
54894
259173
338707
64792
171023
115
6522
59269
84545
51257
83795
57763
7268
79133
26286
2114
6730
29945
8853
4054
5287
22878
83481
23261
3897
51110
83482
9261
56342
26227
85443
3977
5799
9699
7143
160851
2186
10277
4628
7750
27010
23640
9368
1743
23435
80727
11329
1717
9776
157
114088
55740
84251
343990
57602
5900
149466
89766
55051
389668
5104
100505741
730249
10861
54910
9767
55652
9737
8867
8618
51128
27075
7257
6606
1747
84676
26003
10609
2932
51310
22827
84687
10521
25791
1739
23136
1081
26040
148229
91181
203111
4277
404636
123775
5558
5321
8578
55632
57576
27130
147409
2065
221400
64232
29920
124936
10135
84190
8737
7871
9940
11199
286336
158787
79576
83849
4152
131669
122481
2182
80125
1829
121512
56143
23513
7145
26011
5998
9648
23460
375612
80318
126626
5118
154
10278
25800
831
79954
8850
5100
567
441376
150221
79834
2073
22897
23240
9736
8021
64853
9249
79980
619279
7066
2799
9601
29117
10312
271
80204
4922
6329
399693
3914
7403
65265
714
10535
83795
10102
771
29997
55108
153222
8438
84229
7249
775
118987
23261
10114
55102
79071
9410
137492
23291
340120
80705
25778
284252
5108
204851
10919
2969
4035
25943
22986
22818
2819
26973
7818
688
8435
22854
5818
56975
8570
79009
673
1436
63827
1912
9026
58527
8972
8483
119694
353500
90835
83480
7369
197320
120071
3336
6311
5310
5923
10361
80023
22924
6175
10660
6496
51614
9541
3737
57689
389384
51703
5582
11054
5662
9568
84191
26165
2175
79832
554
84221
84933
23779
2712
26167
1259
79591
5158
29066
3508
27332
545
5132
162989
51076
4321
7187
2581
56164
55728
8092
941
384
26277
7681
201626
57654
221927
65010
64220
140612
56099
64328
4855
5331
171019
55582
7227
80000
79645
140545
2740
85465
152002
166968
284069
158135
57336
5786
57217
7320
9550
54877
26058
9732
64864
2321
55814
25960
148479
124790
80142
10295
64746
54606
51435
8898
6197
10802
10153
642968
1280
9726
774
23036
143187
27120
730112
4809
51179
51562
84641
116328
26035
57560
84229
8897
7994
26230
2905
57478
85358
8061
54943
57721
54921
10163
10536
10915
7075
1954
26037
6651
57553
8913
8912
3708
10100
81565
10910
5089
6741
9283
84749
10283
782
64092
7709
55153
9181
285590
343450
6935
92610
55589
3672
100526772
157697
150084
65975
287015
51057
4939
10476
440275
2909
2036
727800
529
23531
481
166
54765
51631
9764
10616
6854
818
9513
80790
7571
114823
57178
646480
56992
3716
255101
7913
152098
28
79831
136853
7097
85360
1260
5167
222545
55008
2906
23670
7172
25855
148581
58510
3656
2305
79772
26098
83892
25979
1861
80326
29785
79842
91289
29943
23143
57147
8573
79726
7100
55057
28996
9882
23211
132884
10788
727857
59345
10785
1024
58533
994
54916
56265
11194
23288
1356
1069
2922
283234
79670
57540
3603
85376
57636
23216
388121
57017
10969
9589
9512
731
10419
2110
27042
151556
163782
11335
5362
22999
23066
55127
79829
4833
7884
23495
2771
284273
64425
2222
57511
54845
1741
284297
4650
90957
90668
6334
5430
55082
8788
64121
1959
6513
145407
10079
4430
8202
51366
57448
26037
51761
2186
9853
84334
10613
57099
79969
3628
5818
26273
55920
40
11336
51133
1762
1292
9026
23235
9961
50604
54875
127602
80323
4166
122970
391002
738
2515
80063
51617
26038
9677
23379
5010
8417
5693
196500
5999
84457
342667
80167
3760
4771
10645
84717
201255
65095
5662
10808
795
56155
8735
54882
8987
3948
79962
6664
990
3792
631
132660
51311
389761
222194
7984
10388
54442
162989
283578
10385
161424
285761
147645
23165
401236
2208
6424
5265
79050
5966
4361
11309
55282
9846
1789
80209
128553
56288
57214
1768
253143
200424
3667
80765
6402
200894
2960
6839
23170
11194
57717
80304
4602
57648
51639
5201
23279
4301
64682
344148
150221
23145
55689
65008
124460
284119
7433
311
252983
55421
23708
116115
5747
7015
6632
84953
146057
22904
23285
5957
100527963
29909
644
285237
3766
84286
55711
55346
65985
9794
4897
10579
9730
4645
55193
23095
51115
729438
26065
10163
2588
79657
79933
55749
23187
55809
57448
9699
26037
114788
160851
10100
55251
5756
23590
9394
2561
3736
7186
55182
4670
10444
9146
8720
57602
9663
285973
83943
7399
57549
100287284
10964
84803
948
150737
126549
283847
11142
103
23348
9696
5687
80331
291
81553
10428
8667
1915
6416
1958
8812
4771
9500
51433
2181
5834
10525
388649
90342
26154
131873
11046
3352
50855
55615
494551
2000
85360
163131
51284
401399
5158
545
57529
51668
5509
79156
5150
220032
26122
160428
285313
1750
10069
2538
8520
54834
317719
220929
340706
55282
283748
124842
54103
64328
90102
24
9064
23166
10351
57710
2348
54522
6839
5520
55821
686
27333
10243
272
80332
51230
83699
55937
55701
9353
57523
55814
4638
80036
53353
64115
134510
146395
64777
7054
343702
79934
286205
83878
10500
10566
11020
7776
4649
23281
7468
171177
8153
9957
6836
79701
6482
55108
378807
153222
4249
51085
9730
51780
23181
25831
55719
5287
60386
54840
4055
3642
4322
54847
26958
3756
1314
8912
9922
65125
23061
178
23074
147381
219771
11316
148362
7818
5589
1268
388228
2729
26504
54888
6925
4661
55074
282973
10844
55509
2125
10592
80323
10880
79919
3856
8747
84273
119587
10815
64753
54497
490
9145
4637
4722
3588
292
677
66005
7026
10616
7425
151835
5582
11054
5296
10523
9901
642843
55667
131873
9172
84842
84942
100130742
257169
55631
83448
3690
64421
84083
9855
134549
4033
79728
284369
347454
55858
57125
9649
54496
219681
26015
952
284612
6424
4986
6345
51362
55243
5894
23177
64282
203286
5378
57835
7227
2956
401024
10198
9231
11078
85004
11250
11074
55285
5118
25871
5143
8754
55773
57336
54954
54741
2520
80036
57690
56886
57636
53353
116984
344148
65977
5015
57823
6469
163087
26354
2887
51271
27042
5140
8622
8303
9968
9972
7109
728763
54499
5639
27309
4254
3766
51451
64781
6567
91833
4552
6525
2802
1501
9730
9612
9969
5428
6615
54112
26330
55213
11284
9310
9738
3843
23258
23040
4008
1307
773
8913
10725
1465
60672
7991
3190
64969
1718
6515
9791
5528
7405
23070
728642
1821
27436
23500
283373
126282
790
57211
256144
128710
90835
100101467
81887
83933
23507
93621
254048
10902
546
3005
10972
166
55861
6606
56255
1457
83879
59084
29979
815
57596
7184
9899
9682
4967
2014
26154
149465
79915
204219
140625
2856
83547
56955
54101
317781
58509
1763
56142
79054
23244
4041
401546
22934
26589
729330
10019
148398
57713
9497
51101
221938
81614
84282
7681
57573
10600
344758
54893
160335
22894
60684
1823
54906
159195
9231
22844
2153
80184
578
79814
79944
79712
93183
80025
64399
79836
5786
5175
23731
646486
55273
23262
85376
50618
23216
63035
9765
344148
389119
55014
60526
23012
54841
2799
54908
54879
4013
8805
133522
124512
253959
54014
5796
5125
23492
8825
9957
3176
6319
128
51182
3032
55135
55527
9847
8527
2033
57507
26115
3097
23248
79042
112936
2741
84186
55315
9159
10044
51347
57614
90113
51761
114788
57448
27043
773
55829
54902
84649
2289
586
9885
84254
388228
23373
10989
10131
26504
56850
23149
1740
3786
7292
5244
8857
2768
144715
163747
80704
57673
254173
164312
54942
26960
6942
26999
54927
6627
292
81618
4615
7478
64343
2806
146330
10457
84448
10521
1620
1499
22930
2890
644100
22801
5286
79832
60598
83759
4277
100128927
990
10863
2491
5519
222545
1663
55732
140469
23526
79652
79679
3127
140701
1102
26122
4172
116985
813
115708
348793
7597
10454
4323
11000
132320
114822
80271
56103
23065
8038
613
3679
23026
56288
23774
23287
83546
219623
4735
5467
64093
2886
64418
7052
5143
1616
92105
79001
56655
1956
113622
9765
26058
57636
4750
54877
65977
5015
3772
344658
93109
55731
169841
54908
1004
7010
8805
161145
55604
57479
171024
5125
11021
4632
6836
84319
60314
145447
85407
8050
8395
6926
8492
10579
4651
23125
6239
729540
57608
11212
81488
124044
8725
145173
54480
55250
3658
10128
22990
81846
9814
23053
23019
11280
55161
84197
9538
347734
57348
84619
57463
5277
8301
57410
9890
64318
55665
3092
2034
24139
128602
11093
5244
201266
100505741
84553
3363
125950
6492
168850
80774
8295
8927
26038
6137
9230
595
10980
2631
3939
65009
6625
6624
55262
10645
10181
9870
51703
2914
3798
388611
341208
23322
55125
7472
116519
83445
144193
8808
9132
5321
133396
7579
23395
4640
80243
4053
4990
54974
729627
222643
117166
11086
25897
5243
128338
284654
10539
10449
2297
58538
161931
5333
64344
11000
65986
55112
8728
607
6708
1294
63977
58525
3720
64600
51384
253782
6760
1358
55157
56124
55671
51252
4311
5754
55333
8870
170692
25960
197335
23303
9765
51585
23450
92014
64834
60526
10888
7358
57489
114800
23151
57210
116496
54878
404672
84953
139189
2475
57169
30820
408263
4601
4074
147015
11222
54680
78991
22938
5768
11059
5800
118987
57582
3096
9980
575
79165
24140
129080
4731
10163
4528
57526
23362
5332
51761
161436
6621
8189
9922
80309
84294
29968
201475
5274
148362
8569
81490
84988
55140
23179
54674
84679
134957
3092
9879
24139
4477
368
54832
124626
163747
339745
79148
123169
343641
79800
6154
6942
1108
4629
7879
54749
54664
2067
9528
116138
64320
10211
1958
26092
10922
6786
9854
6853
480
2914
170371
182
779
55561
64091
120237
60484
23600
164127
64421
1187
64398
3676
4606
56104
9902
23090
390443
145942
219960
126410
161424
56130
4843
27145
7378
348013
55805
8428
55693
7942
7412
57091
221955
9033
1789
140612
8899
23086
80208
9909
3910
51430
80184
23704
374946
51666
55178
652
84889
150696
123722
56124
2071
5100
51639
84417
1636
7862
4638
26056
721
1303
23046
7138
788
8424
131
7299
83694
8733
57567
5832
9989
29951
11335
9726
8911
10427
22853
57095
55831
282679
60481
1677
7268
64395
64425
56928
6240
9520
83481
2033
10114
729857
56980
9646
23404
54328
259230
3642
55748
64921
22882
23677
56252
6904
51761
63893
8621
5097
27327
5626
64168
6414
56904
79939
57396
23633
84254
8301
1183
57544
29882
9663
1315
8434
2034
55284
790
22925
350
221191
1798
3363
22950
8639
729665
81631
5310
283820
4133
54749
388021
7257
10736
344807
63826
3765
185
57003
29979
10963
5411
6853
4137
4976
8751
138162
5797
23325
93035
57105
3948
159371
5393
23398
152579
9880
9910
56159
80724
55034
25914
196528
10184
729627
55600
10293
10713
138639
55367
22898
356
57110
63933
117283
5324
9356
160335
51512
2182
131669
79819
8641
64328
10788
5727
23086
1768
159195
80208
79178
5613
55148
1453
79828
2690
3428
284069
126353
27333
93594
2995
51227
376940
729359
26058
4647
150221
5493
57685
1628
124460
2339
29763
9314
55810
1536
26354
91949
126820
29967
5368
25998
83990
4649
9972
56616
80228
548593
27309
79777
54785
25973
56603
11328
26191
9704
55345
55206
4650
7837
7994
55777
55702
2353
80856
1141
4212
10716
284252
114791
9814
56252
10178
8912
8871
57609
90113
54997
50863
30968
57348
51447
10367
3297
9283
9253
167691
54764
11319
2648
7301
84631
80031
255324
55764
79925
84691
64116
167681
55733
150737
79738
7053
127829
408050
103
23245
6014
3093
51759
79041
4345
677
29993
51631
55274
26993
283209
9001
2181
6786
9774
22839
130340
11122
7038
117583
28
26996
27199
89792
84102
54101
79591
56122
4171
147409
64900
253714
64283
285282
113130
150372
696
7539
29930
8842
4854
116534
10557
23169
4668
54868
5777
25780
57678
11309
6041
65249
4438
1662
23086
84033
64778
23294
5727
28996
1831
10690
3418
441061
7022
79697
84230
11194
134265
9252
23141
51026
6387
51585
23145
23451
260425
23405
23064
55717
79018
29896
7480
79157
9376
8790
54947
6242
5588
54468
54737
64981
9044
399693
120114
253959
714
1745
900
84319
10067
51451
55711
10039
6296
374655
11183
1659
10765
1463
10752
25962
10565
6307
9455
5891
814
64118
51776
3980
27133
9748
4008
6585
2317
577
1307
22862
11079
151742
53343
3706
9861
10152
84254
79143
26007
57181
9375
4719
1000
51306
2917
285220
132720
57643
6328
2219
3762
7133
79961
126638
133482
23357
2280
23469
1108
10396
9145
7332
166
1728
4615
56934
347733
84302
1796
6506
4355
6389
8453
79893
22883
2548
2172
22915
127731
987
60484
140732
51028
253430
8999
2492
8578
80004
4306
9498
201134
9785
25894
1412
9518
84134
25940
1122
6564
85460
9897
54933
11199
312
93010
6640
10492
79896
9744
54893
65010
23514
56478
57101
23513
23247
23166
607
23774
23287
11123
146712
10110
3671
2149
79786
5143
56128
695
353238
51105
5906
98
79834
23262
23451
51479
23064
23129
23240
11238
643236
6941
79155
83874
79058
8879
369
9188
5140
6433
4282
55704
9665
9972
5091
28511
10186
58191
114049
53346
55303
10307
56603
51428
3295
26267
729857
84162
57507
4798
54790
118987
5500
81488
728215
206358
55361
405
90249
9896
6904
27253
8943
10869
178
8455
8541
51160
9368
201475
5700
51295
81832
11329
1132
10906
55153
22843
1012
152518
2034
23241
57449
150677
23318
5244
124626
9266
22929
3383
80095
101
221458
8926
6595
8476
64753
6014
54769
9783
3921
8668
26254
1040
23787
207
57419
5058
2181
79893
152789
9967
84626
83998
79915
11122
22801
84690
100130827
23617
5273
442721
84818
60558
6775
79820
2050
1763
201625
27148
390443
201299
162989
250
1998
8379
147945
116985
57110
3119
1101
56253
4128
79842
1013
155038
7869
4914
55036
65986
51592
90102
55035
5998
5442
126206
253143
84709
3955
147183
33
55617
84947
26020
899
126353
9819
55357
221443
51126
79670
1956
7148
50618
116984
7862
57568
441581
3622
92170
10606
27115
84135
57727
89953
92017
79671
4147
10092
6949
84669
286204
7407
124944
4801
10966
9673
9125
79608
79724
56852
8537
3695
8505
10497
9866
4897
55193
57592
158471
8608
8665
1650
2670
23203
64718
90249
51347
160851
23019
9772
27253
6651
2969
63893
27010
257068
79442
340146
9463
9813
3297
51760
57084
167838
7707
114825
57602
25
1500
10724
283
3672
54875
53836
79844
124590
5346
8639
51514
150737
10815
4666
4131
1063
5689
89927
84312
7140
65992
5566
23588
23270
84364
55530
55262
9870
9899
10939
6792
9138
29923
3710
93035
22915
7913
728637
2865
54984
151295
140831
54989
152579
84083
348654
7272
10060
259232
2483
124152
79679
65109
3750
114826
1825
55755
11162
358
1050
22928
2642
10232
340706
7089
64866
25780
23065
54881
11095
2956
10564
23247
23094
23294
55714
116135
10164
2149
57604
9577
57209
23205
8776
139221
9371
93594
57456
400120
85376
9509
1244
23225
23450
9693
6840
57409
8635
64393
401548
203430
92922
54980
54873
2733
56134
8874
283991
392862
7403
9972
171023
28989
5154
81532
900
10365
81617
64645
8050
9531
63027
64132
51742
84220
23181
55345
84159
400966
4488
57414
11057
23359
54929
8100
142
3685
157680
23312
26037
7750
55729
26173
5332
5874
1960
9351
56963
340146
4248
8883
11168
253943
9215
5447
1855
26054
3609
7087
387104
389084
25956
23120
683
64116
54346
3898
79132
84891
164656
6230
23420
10902
1660
7534
5480
4155
283349
25977
10121
56950
57060
10965
2571
818
23542
94030
9921
8525
2902
389203
389730
1105
9631
92979
161514
387332
3081
2712
9360
60625
3594
8495
84133
254394
27154
54456
136242
3238
196051
251
125931
219972
10723
57716
3903
952
186
89777
284114
201626
4292
29943
220929
22974
9675
154796
8641
9658
51594
389197
8515
85378
22984
390259
6045
5753
617
55821
994
3428
389610
150696
93550
10149
27297
29058
51479
84976
150221
7701
79813
5793
3636
29083
3613
83787
23275
1644
29803
57727
92922
5588
163782
79675
83719
2195
1952
57512
23511
728591
51693
3176
51300
253832
64805
56852
85407
645191
3695
55066
10297
23095
25930
22992
9646
8729
11212
10960
1497
51164
79791
10716
55763
54462
9472
6830
57475
2969
57585
5256
90113
5723
4232
9454
7881
10296
51343
2873
22854
10801
23108
8437
145581
9961
23002
610
7461
284067
157922
54875
8416
57107
2266
574537
126638
83706
28513
6843
6942
130507
7204
51119
6014
63908
5306
1537
8128
64744
28988
506
267
9362
3313
3797
322
5798
4753
118471
3339
50937
131873
1432
140731
554
152
3890
550631
9360
55632
197358
23395
9894
201625
3683
8915
390205
58529
728294
10758
8756
1828
80223
9457
128338
1861
23464
3158
3554
55521
6403
6041
152206
11095
55526
79838
340533
3709
1290
389840
57510
10290
9075
9402
1477
285601
9355
2965
84230
79571
6832
23288
745
56882
79144
4301
9895
7701
55083
23389
1794
79813
29896
124995
3133
191
55572
399664
8697
57565
2549
80179
23394
23468
7403
257218
253725
64397
286343
130576
23576
80349
4760
54814
2563
3175
4048
53919
9847
91752
8777
1463
729540
2905
9866
7417
9468
30812
10991
224
114884
10846
51347
10499
51199
22862
51366
9748
2975
286
11072
79827
10238
64795
4884
80196
10486
11189
9776
55131
604
26000
57496
22865
10724
9181
3957
5364
54768
9595
122769
1203
248
120071
79132
26
25828
2314
23162
8476
7077
113177
9528
762
64114
79084
6124
26135
10768
284323
4771
11231
9870
22980
22848
488
503497
2737
2177
56155
79369
9
3352
80341
7048
148022
3161
5321
143689
146547
9498
4588
140803
51444
144717
51117
54971
84342
11201
290
200403
4969
147807
1666
7782
54757
4059
11309
84812
84460
6041
54881
8899
128553
84665
2199
171019
64848
6331
55835
29895
26508
54093
84173
253782
7855
7553
165545
63935
7594
23384
7320
83699
23451
4647
23064
55814
53353
25960
7644
23567
388121
2992
57418
9586
3739
80149
151393
64787
8874
83857
92162
84125
286077
56981
728763
79903
647219
388581
11314
5886
80305
1135
79690
80010
54545
6674
83481
8938
4054
1463
22937
51742
29883
64854
26108
331
7453
2800
23534
9851
23352
63976
2975
8888
26130
8648
9748
79570
79442
10238
56341
284996
7448
2561
9097
84000
8570
56907
4927
55690
7461
285220
2243
100132146
57549
161497
350
441869
222236
135892
4943
145483
150082
723790
25782
23307
473
6447
51560
3588
122706
6187
5271
5887
10609
2752
5885
5905
1742
8745
23154
5834
22820
51027
202
6833
55601
84002
126792
151195
663
164127
6579
55214
4047
54465
79955
339768
26005
23670
26231
126433
55600
130399
7187
4669
222223
5365
2967
441054
5157
54900
1138
3554
55282
7051
9033
5317
200373
128553
54881
7373
7227
221395
112
55835
4853
100129271
259285
7528
871
2625
1879
4241
7088
56124
51252
2245
51227
6356
23230
26056
129446
89796
84172
23145
57685
8774
57215
84080
7433
9376
79816
5188
55781
256691
50853
60509
1810
1795
728763
9044
79572
10287
164633
29909
10368
2784
285237
8904
113278
1961
29966
80789
23181
23152
57455
54790
2804
9866
79751
3276
9917
8725
54558
55743
9896
3416
84181
9472
23019
8621
51366
4035
9778
598
64168
11342
3275
5706
9093
143686
1718
84000
4983
29882
79948
3993
51593
56949
57732
200523
22832
25956
286365
80324
150084
117854
23507
343641
286151
9338
473
283450
408050
7458
7247
10660
56647
3588
5608
26263
28988
10858
50809
821
11231
23542
56261
23368
55964
100134934
131873
169044
3716
51409
10331
83445
375759
8556
4057
60558
1376
23051
134549
55130
8647
23244
7570
340277
3112
5740
10683
10333
11096
3909
284612
51058
80135
93010
54834
6583
64123
988
10631
6403
9754
161357
5395
9821
3709
64848
607
6499
221178
6385
1017
7157
11326
5520
3738
26020
148979
54916
11194
337876
51126
90410
51585
8658
9895
9202
84976
6091
23405
563
140609
11344
51095
23549
9891
4007
79934
9865
60509
8874
1528
23131
22904
23066
23035
1215
79154
56951
8544
63874
399665
6567
29997
8930
4139
5156
9590
7074
54856
57592
9757
80014
6723
573
594
79971
785
10716
3977
3416
204851
776
63971
22986
23277
7143
27043
55049
257068
230
6015
26100
5589
83450
84619
10625
55324
57410
56241
23149
8546
142678
1912
494143
10735
23120
196483
10964
51135
284098
10861
7783
90317
23568
152485
9320
4820
5621
64710
25977
166
339983
84676
3421
811
7922
57469
23295
113026
11054
23154
10523
9746
153768
10154
5336
127731
4277
10800
100130827
79624
6259
6775
6608
84818
348654
92293
158248
285600
55576
123228
148932
387521
58510
10082
313
3099
7174
79176
6689
3577
221154
9684
10495
57678
114822
64924
7045
79956
8038
649
90102
23513
6331
1294
1729
9611
200845
3670
57117
79828
83873
4199
2071
314
353238
6533
55124
4056
51660
23064
26056
55701
720
5793
1303
84952
11238
6945
79602
2030
79027
54716
23151
29117
283849
117246
22877
58157
9869
84125
6323
6558
712
347862
137392
443
84548
4760
51193
26286
27005
57156
9712
653489
221981
55206
158471
27031
4798
1153
10552
51008
206358
79791
64207
11346
6787
23327
8202
253461
7094
9515
6621
57475
6427
54332
84197
1849
2289
5709
2624
63894
55068
23221
55294
92255
6294
51593
55852
79811
23627
4625
85440
7484
57094
79844
254240
6936
80131
84273
10944
23309
57584
8476
114757
388610
65992
7257
344807
27068
5160
57060
537
8087
43
3326
10443
56261
5066
55705
84419
56155
1288
255101
55507
54780
2865
2833
9060
5519
10941
10345
27147
3508
51194
54456
27154
963
124152
3559
1572
84190
149095
4163
64072
126755
7351
10666
284358
11036
80173
6565
8412
4224
55237
5978
57571
124842
255631
55075
10290
261734
23211
284403
55686
80270
64094
33
3475
1879
5073
55922
118788
1005
57616
57228
55333
84627
146177
79937
4796
114
23064
2073
64853
9249
6652
347404
84519
89953
159989
83694
1003
6793
283659
1528
4846
170961
253725
1795
123811
5957
55286
51256
8531
10102
2888
25973
6541
374655
5156
65250
8729
54856
5428
84220
8518
2705
54112
8187
23203
3642
9213
51347
9728
89797
63893
4035
2975
2058
55809
11083
84836
143384
7392
6258
10900
221496
51701
151126
9108
4927
54839
7405
57715
80821
9663
142678
9246
10274
4548
80323
84617
7133
133308
221458
120071
84273
885
9863
57142
23255
27166
5901
137695
55186
79041
10120
5522
8193
60682
64837
7425
8453
3192
84446
57178
22824
9674
9857
9344
341640
26499
85865
2762
126567
51148
1014
79797
166793
56104
56102
5167
26005
64283
401546
306
26589
5611
51768
285761
64127
7058
653509
4161
9002
83786
5408
5562
10533
5351
7869
5894
8899
56099
56100
261734
84033
23166
10290
28996
54906
85004
23746
53
220004
2625
54884
93233
27333
327
23288
1788
4947
51639
85376
8658
9353
9765
23140
197131
80036
10217
79018
6941
126526
92
55421
9933
114770
56920
9710
100131017
1810
5803
6323
8911
84464
728591
286343
253635
10106
51225
771
51602
64327
256536
1009
3801
9739
7226
23261
10765
9758
65250
9766
5636
8463
26156
55361
23076
57630
1911
9223
4622
8541
8189
80312
11280
7175
6427
132
26973
23192
27175
23633
8569
84188
10061
114883
2673
284352
47
1605
9733
57602
440145
5949
23318
286514
641371
89778
9618
81887
131831
3973
7381
288
4644
8925
529
7533
961
55186
22913
141
55819
10825
55274
79068
5917
1209
273
583
23762
124925
130340
63892
144132
727905
144097
387921
4009
126567
553158
26280
631
60560
146212
283383
55172
8642
10060
93190
127733
79629
100527949
57593
64333
7318
80217
10557
4973
79646
4986
8809
9496
8412
91289
203102
51512
25841
1829
2912
51594
3709
23211
3910
22872
56288
79178
2660
26469
8891
440503
6253
55137
93550
327
58504
58484
6364
728489
57514
22993
84627
9578
25960
22897
5793
122416
788
80142
50846
5210
159989
23315
8493
27330
8408
79651
6281
79809
2475
51059
774
56674
4902
55862
201931
771
51726
55176
2222
23767
29954
29941
51755
23013
8527
4627
5428
1659
55101
9255
1445
79187
1124
56062
6874
3996
23304
773
11280
2058
84181
29123
29998
4050
10586
3337
23071
5164
8550
9655
162427
56975
29882
1388
28981
27072
343450
23207
26052
158830
8857
79628
1512
22929
4166
9068
4225
4603
1936
9403
9858
254048
4666
50632
22826
25830
975
9528
5250
8878
5230
60626
10675
4677
23154
9236
10443
2550
5921
58485
2177
7038
55914
79957
387921
5892
3170
5563
79591
91624
5519
8170
51311
222545
23007
56154
220064
389799
79444
9582
23256
8833
10460
51773
83733
51058
26150
28969
2642
142686
55282
55180
344758
988
2912
8038
79819
55035
23774
23460
1770
23043
3667
79031
259285
3418
53
11151
686
64175
23259
285513
23205
57337
51650
5348
54986
7148
197131
30849
7082
50618
23005
11166
51116
2354
7283
5062
55810
6511
79959
54102
8408
83860
259236
83990
7402
120114
7407
10280
1207
25972
1482
51106
81847
29959
64781
374897
904
23324
11176
22859
1362
26230
4842
5430
55111
5936
399473
9529
642938
5007
9738
389677
57188
8506
9699
9651
79567
9883
22862
144348
1960
6414
5577
5164
2562
5589
8550
11275
3703
84679
56241
9663
55627
87
6547
79019
10274
4065
4112
51135
26608
3990
286148
90233
126549
3281
6262
285175
85455
6327
5684
1020
25830
25977
56934
10947
55738
6199
23295
9063
1620
11054
7184
476
488
27190
84144
127731
5198
3352
84690
3181
5733
387712
9333
645811
8578
91179
4606
2050
57697
27332
338382
6795
401612
250
79414
22893
64127
4854
23583
51101
4160
27316
2526
79866
2182
114822
29943
54893
140612
3707
169792
283149
79443
675
159195
55582
22844
977
221481
890
137362
10110
55277
143570
135935
10585
6549
163259
646486
23612
23240
30849
23389
283234
23046
57685
7082
58494
328
2636
10493
8638
57567
55812
84135
5884
80204
9752
7295
84669
8911
59269
56243
51074
4435
11314
10023
91603
4676
79906
51602
90956
57497
51111
9866
8518
8242
93664
57605
8938
23510
29086
55759
5630
183
84128
5257
55763
26030
63893
54914
6904
10919
25943
23505
9232
79991
79827
3275
3706
7287
151126
3611
6059
728642
9375
85021
2533
23545
9354
85369
5570
9698
25956
158833
5002
6865
4148
90317
56132
5627
728392
1107
10985
288
6616
10139
6919
347252
53615
1152
8869
54682
4209
79068
10645
25957
3797
1620
5414
25792
10282
79915
7273
2737
84933
3987
390637
26095
55892
91828
84140
4047
3619
284001
7409
57579
24137
1412
894
283600
29929
164118
11218
113510
5243
80764
3119
7903
89777
6641
79871
23329
4914
5317
132320
196883
1823
115019
6331
2956
55035
80122
57688
5727
221687
56912
3232
30835
64840
146956
55137
5212
51317
5340
4775
258010
646486
79937
23064
51585
55619
83660
50618
197131
79169
2620
90550
191
84936
8733
64788
22836
79990
2895
133746
404672
259282
4649
120114
7109
11066
79853
59284
51256
80305
10067
3032
411
79874
54431
201176
23181
6326
7994
8527
22859
5255
6657
200312
4055
7741
2926
22821
140775
2889
57609
577
8411
84181
9448
9699
6092
155382
151742
116092
6258
57185
9784
7448
51031
9878
25862
6046
114825
1912
57468
79585
9905
26525
4868
23318
123355
23306
3885
133688
738
56132
283417
6415
85442
4133
8295
80762
7332
6386
122706
84529
10121
3765
342667
537
5518
93185
37
5909
22895
9967
2778
5303
5286
9631
1462
60491
3181
10610
6664
55070
730087
127707
28990
25865
27130
150946
8701
27148
151194
5432
6017
5465
84455
55669
1828
79987
84504
139628
1861
49
8690
63978
57486
54893
7412
80183
25841
140612
54881
675
3679
170690
5442
3910
9640
128178
1017
115353
55285
9095
84958
90060
6909
3696
6660
1495
51126
51751
4647
26056
54887
4301
6840
23005
57568
8560
448831
3964
10888
585
55568
51271
54879
2191
10802
3572
1389
6558
57479
22852
23199
4801
25843
2593
56954
84108
26262
29118
10196
8939
2180
56105
23198
51742
10908
4645
5787
23239
55101
387893
64149
151963
814
9205
25778
5989
8914
8621
8913
56252
9772
6585
160851
84334
10987
159296
1849
392255
140679
162427
6729
117178
23108
1012
4983
170506
26507
80155
6829
1419
540
85440
7518
221191
5087
54854
150737
22950
26049
5478
473
10514
54497
3005
84152
1876
5713
26232
2775
4236
4974
817
5610
151835
51433
113026
10892
123745
8473
6155
55561
26057
84144
200205
3987
9
91851
283848
2000
660
4025
10024
51311
84451
4288
9656
124599
387914
9518
6789
120406
8379
11174
8243
114897
10251
2702
4668
192666
11200
5990
5992
1842
57147
9575
23137
9662
357
10198
132884
165
253143
22844
9076
112970
30835
84173
3417
9340
58986
284069
5212
7553
8829
3014
98
56886
63035
9321
6840
3915
57519
27328
1522
23564
6941
400506
3459
4999
55731
56259
79755
163782
2822
58157
23060
728763
3714
57169
283377
56674
1482
951
8536
54663
10307
80256
79780
8787
84498
729540
7074
23037
221981
10752
3897
27246
6094
55297
340120
79147
9091
5979
3843
6651
57448
23644
160851
2969
55809
10869
10608
81565
159296
340146
162494
8539
221545
84749
55621
1762
53335
256714
9892
285368
55959
1605
10360
29881
9508
54751
57127
1643
157724
139324
26
221458
518
347240
26960
3054
50632
84265
961
482
10428
55364
4351
55501
8522
29781
10645
7415
4135
94030
23030
2893
85294
10154
55914
727905
5229
126370
11186
3174
51148
27019
91828
4025
4606
493860
9937
253714
8029
7462
3109
196740
11137
352909
246
340351
22898
55311
158234
55007
93010
56927
26027
8412
152206
6041
57486
11095
8573
79819
57688
79443
22984
126206
9411
3709
84650
3231
5928
7022
646892
9833
150696
199920
79571
2071
64601
3956
52
6840
2321
55628
57642
344905
22982
3603
10252
284131
51312
51379
8786
64236
51078
2022
64895
205147
79671
7125
57480
23082
80206
55127
1908
266
10106
3732
79608
80298
80339
148641
9277
5597
192669
29894
25930
84162
9866
6334
85358
24142
5499
8703
5630
3642
55902
1272
114879
2066
9223
4008
10869
22997
8189
25943
115098
493861
11171
9807
9775
84988
84056
79143
60494
26504
29889
9146
9663
79811
129563
9961
3957
23120
375616
7139
4958
340654
391002
80020
22950
1056
81873
5310
6709
408050
760
6203
7130
112464
1876
51669
26118
4144
8856
29979
41
3326
2181
2621
2778
8525
8355
85417
92235
27030
200205
54780
79931
84944
6512
11004
1260
127707
65981
5794
401399
79728
440435
2251
729627
285386
148789
164118
6776
26140
51773
171558
254228
137886
3274
23729
90293
51512
56624
113251
152206
79778
7159
341676
1293
80122
55714
64848
91156
1729
51491
56270
159
11074
1368
25790
10371
89848
25966
9832
487
56943
6866
55689
7840
7644
1244
57580
57492
116984
3613
161502
84080
2774
79171
66036
203054
1893
1836
64926
10566
25764
9372
57480
4864
27445
347862
2259
9117
4070
8111
6482
1968
390616
25945
84456
1609
55252
90957
57683
84220
8864
23301
10957
3623
5883
23359
55361
51112
3658
5338
23271
23061
161436
5256
6453
23613
23020
3068
10656
132
57586
586
27250
3611
81539
10801
2934
1006
92154
23028
781
23369
10194
516
54437
5244
93587
641371
144715
3383
4439
51514
158724
10093
54497
473
7267
22826
6202
10980
481
79641
2782
7280
23787
10391
5347
5910
6421
29888
84687
84253
8663
5304
9735
26057
1080
84002
126792
83759
80341
7439
7128
6579
127707
118491
25766
8495
23041
4214
57045
387521
340595
2555
2746
11201
6494
23189
51103
64063
89884
91137
124093
4117
57631
6565
1842
4914
9175
79632
154796
57214
165
7145
261734
9843
4330
10394
51102
152002
2740
7022
27158
1665
84129
7088
1005
2735
221443
5201
57540
146177
129446
56886
23113
31
23240
65008
79006
5537
130367
83999
54716
55421
2547
5832
4058
56114
51188
340990
9972
1795
10013
84545
2878
340205
57798
64426
7408
79724
153201
374986
225
3631
57679
727851
575
10594
7249
55345
79042
83693
1468
4664
2931
80232
10501
55683
399687
6830
3376
57448
23049
23644
9887
10423
10488
145773
80700
5089
84056
4836
10988
8664
55174
4037
11336
24148
1315
55291
2801
285888
51750
89766
207063
122769
162605
51696
221393
64078
286148
66004
490
23469
8085
6616
3251
3087
81553
51633
55220
9709
116841
2271
2821
57613
50
10521
22920
5738
9138
10407
90342
55914
1462
6886
81875
9
89958
9488
23232
133396
81627
2050
1824
9498
196441
57530
84270
51084
55600
8200
2535
64446
26140
85449
126755
83733
6424
9525
57587
5357
57147
83538
56652
9925
5978
55036
29119
124997
7227
7373
1294
254251
3667
939
157807
2625
9210
79944
5313
63935
89801
9092
79173
7110
2745
51650
80144
55717
440804
23279
3691
89796
23230
64080
51526
6895
145873
4204
27252
102724560
26235
23397
9734
8408
4709
63925
85461
9639
9726
7347
2259
442038
443
121457
10325
346171
261729
5743
22871
57706
1659
26230
5800
57679
57507
23358
349149
94097
51008
23176
56342
257160
284656
2051
9778
22997
55904
23061
8411
54914
2317
4715
84437
9538
6619
14
8883
10283
26273
84895
164
26155
28981
55291
80821
8241
1000
9246
6263
26153
8631
4958
3885
7306
22
84101
387357
8724
10129
347240
6601
429
79005
54664
51759
8775
5573
5705
6598
117
80198
5905
10777
6867
10418
115703
480
4693
9857
54825
341208
55507
319100
64091
55359
8195
8288
5137
147923
4745
389762
9894
399909
57530
401546
80148
387914
10811
8013
7429
160428
3911
60401
128853
11112
83743
83894
255104
57654
152206
80119
344758
5378
25902
7060
64759
23513
9821
79776
7227
340533
55332
5029
51205
253559
83873
1121
64418
54869
2068
8754
55231
9550
79415
8021
64324
23262
79937
7862
9652
54877
51116
7965
10055
80851
10085
79722
55721
8879
55002
7222
5981
28956
23223
146057
1106
11138
1212
7423
151313
84934
126520
23219
8140
60313
23767
6774
64210
1362
22878
1301
85358
6586
6249
231
7389
81567
84925
81669
51361
2322
54919
3708
776
5097
160851
9883
5332
4622
10490
8559
8558
8514
8760
11283
1129
81832
114134
64318
6925
9610
114882
6935
747
170506
131375
55558
5244
2769
2266
79589
4580
64241
56132
22
728392
20
5310
7267
27344
2395
4357
79041
9643
9796
56950
9805
353288
29970
284323
152789
6731
9912
476
26470
474381
55667
8735
84059
27199
200931
158866
2833
136853
114803
9360
10863
339977
7409
4745
127254
545
1611
100505591
662
5465
4001
26122
59341
19
26270
2967
168433
3061
5734
5966
115584
56624
113251
91289
55036
649
79726
3910
255631
80122
23026
5331
2153
973
56912
27302
9955
56269
8445
831
4241
123722
81035
5586
1069
440603
7701
79813
56946
64682
8284
4638
7057
284131
79018
56256
100526783
55323
2887
26235
55812
221937
57476
100131017
23625
57169
774
56243
9972
7371
1207
9935
4074
8531
9573
346171
79906
55879
158219
8078
11176
80014
57679
22992
55209
7249
6309
8665
7043
55361
122622
5871
27255
22906
9659
57513
9793
2058
8888
178
84181
389421
5595
4761
9196
586
100287171
6675
30845
115557
345079
23185
10048
9229
23369
26031
343990
153339
10735
22981
54865
167681
51135
2638
28968
6492
64241
9403
2915
9881
492
8417
23558
55041
5999
481
56941
10096
10097
3157
93185
57689
4905
219287
23154
9568
2902
254863
2175
55914
26057
27334
26499
6504
163183
79807
7552
133396
9880
29066
197358
10157
54454
7486
195827
118472
255275
10320
1998
1296
84079
285313
54965
168455
3212
4986
57404
160777
64220
1606
221927
220929
60684
132949
64794
675
9820
3679
85378
64778
23166
7079
5510
64094
2002
11251
9131
7112
81788
54567
6909
65123
2520
98
64682
23216
83660
57685
9732
199223
3915
55837
389119
2992
100130274
7289
51599
2547
54503
7091
27185
7514
80740
55127
54551
23223
84458
79139
967
10554
137868
1677
4240
148641
80339
8139
5284
1496
85358
1463
3096
8924
22878
5428
83451
59274
84142
206358
441381
6574
10015
9851
57553
26173
8888
79784
10499
7750
10128
2706
55830
7991
10212
9861
1738
57463
5468
84193
11336
55591
10131
50485
57496
23545
2899
5068
10274
221806
2357
157697
353500
57864
353189
23357
131831
9403
8476
57554
23236
10139
79447
55041
4345
55337
170463
27013
5454
84926
4355
214
57555
84717
9581
55964
2898
132989
55567
6101
90342
116519
387332
56034
1800
80021
254225
23411
642475
4640
147409
3676
23526
1287
6247
255275
79639
678
374569
219972
59352
55183
23583
286336
1390
23780
729440
283571
80183
23177
57678
56652
23243
89866
8038
2199
6098
24
1293
23334
23460
2348
6402
3475
845
3418
4595
6909
10585
823
55671
4881
27297
8870
284434
54880
83660
56886
9736
6336
8021
148479
415116
51201
9589
57050
27252
5188
54716
4686
10802
51460
51651
80206
64397
1280
3714
56674
55093
9792
64782
4240
161823
847
4067
27324
3030
192669
57539
93664
22878
54790
8826
1659
6615
57414
8703
23759
11284
129285
9493
6787
9793
6092
26130
23200
84435
23020
493
246778
27430
1960
26580
55608
8539
9283
5818
10625
3654
6925
23221
5976
129563
9254
10147
245908
57549
55589
127550
3291
1798
26251
80063
4439
7783
1410
51520
4898
85455
5868
3208
23057
794
10213
70
83879
4705
100506658
43
4771
3782
334
8887
23544
8751
93380
3635
23191
4052
5652
60484
345274
1359
3038
23232
10224
2492
56109
4745
27130
56154
238
339804
2016
390201
57125
122786
79658
79631
9923
115708
51608
11019
10667
117155
10042
80271
64924
9945
5333
57835
3675
83697
23460
11073
10198
6499
80000
55582
29895
56670
26577
10491
346288
2896
695
85458
161394
5143
55770
51367
246184
55717
4638
260425
729359
6840
79834
344148
124460
874
123263
166785
3859
8733
369
3305
10998
5394
4058
51187
120114
84125
10615
6329
11021
7423
80335
27309
54785
64805
9136
3992
116447
60528
8505
8289
6711
22992
729540
4897
10497
9144
24140
79618
22841
785
55229
3416
1434
26030
6830
2975
6621
10499
10725
56252
146433
8328
54550
57586
51495
3754
3902
51701
6713
54674
10479
157
5775
57649
2894
79585
375791
57674
157922
57121
124590
25884
100526761
28513
7593
23507
158931
56899
26038
23504
79929
6014
6810
7170
9528
6496
57863
1974
9057
523
170954
10059
29888
583
1938
84893
118471
202
182
54825
84517
79962
7472
3110
112937
84085
10863
91624
79955
3676
4640
57589
143
11067
58529
3290
11320
29068
23569
115752
400954
126755
54933
837
28969
374877
225689
203102
57158
9567
200844
56143
9675
203286
64759
253143
23043
10076
8515
55057
375612
3145
58533
6256
153643
146956
56257
51252
55137
84916
219736
83460
55937
150221
6872
9202
23072
63035
9918
64864
4284
8774
92342
50846
222962
134359
54716
55028
1007
117246
2895
4922
79572
3321
7468
83990
4634
266
10535
64708
2771
100170841
80325
93436
90956
57464
23231
26046
5287
4763
23242
55206
55345
55101
90362
11057
84925
55315
23473
535
55749
9853
9472
8914
26030
7094
8913
11190
7019
6431
8558
23466
5567
79605
7342
79872
54681
726
4719
55740
9228
23167
10844
22994
56914
4621
221806
54865
151258
89778
10516
4943
22950
221393
729515
2904
9043
6595
388610
54927
6128
65992
8468
947
2288
10381
1783
8087
170954
9581
10521
23305
9901
55700
643037
8502
2736
9401
80830
50855
404636
123775
126432
60560
9132
200958
56112
84133
5167
4288
57545
7570
51171
124936
50487
55149
2677
27107
25909
221938
401944
55013
54457
1136
284129
7412
22974
9567
8320
23243
64794
56143
23334
10351
254251
57130
28996
65266
115908
112840
2968
50943
55821
80025
84129
9886
57717
90987
54439
390992
10289
55619
9693
197335
56886
54880
440193
23262
57017
54962
1490
2742
23621
60681
26002
55028
5451
55727
5747
10016
23199
5930
7776
120114
65265
4482
10368
201931
11222
8576
51182
25973
78999
6772
29953
51742
153090
8527
6710
6326
57605
51115
4778
10240
331
154661
10891
4141
51564
23312
9472
2058
29123
9659
23200
23074
400
8460
7781
79969
84897
79605
7287
79143
6340
4719
23108
53335
5774
64062
22911
9229
55090
51750
540
10452
150379
339541
9068
286151
7253
221458
3017
9645
6311
23164
27166
11261
51035
8666
9528
682
1509
257629
5034
6812
57794
3326
8404
153830
23368
16
340168
27030
79832
4036
10078
6457
26996
390928
8808
7047
10863
158158
92293
401399
152185
27332
25914
402117
306
5279
200008
201501
8398
1441
55779
60401
83886
474383
85007
158
2332
79586
55225
9033
132320
442213
56884
342125
7145
63977
51430
10290
1770
5331
29081
116064
50943
11251
9955
4595
51317
84230
7112
4241
151887
246184
87769
129446
6336
57685
9202
60676
84627
6091
11166
51657
6611
7376
27248
154043
9153
23315
11127
7224
25896
56005
399693
10013
23060
7776
9342
51118
6423
819
64805
64426
142891
285971
55129
90799
135112
10765
25992
23152
10908
729857
26046
83451
7483
79190
4782
145173
126129
9493
64599
23505
6585
23061
9887
63976
51366
5332
5686
23582
623
22944
27440
11168
100287171
51143
5063
8570
29924
2673
5774
22870
8241
108
