57680
6326
8831
23394
27086
23126
57492
51111
1859
6529
2904
5728
85358
23389
64599
1106
29123
287
55870
11011
1788
10522
1499
23135
1826
55209
3786
6734
10765
51322
22941
9378
79718
23040
53335
6096
10743
1778
1808
1175
58508
5079
283078
2562
25942
55777
4130
6812
56853
57649
10716
5528
9777
51317
57479
6497
80816
6683
6601
9320
1387
6925
777
2770
6942
93986
64324
6934
8861
8666
5253
9778
7716
2670
64207
23613
6304
5991
6323
5536
373
84231
1995
2891
57689
55799
9631
55904
4306
112939
5754
84687
2561
3069
57551
197131
7010
3778
11151
283450
8648
23181