10881
10880
8749
104
11047
56894
203
51479
79722
57584
10973
9311
51382
546
8412
10018
200159
727
8912
93233
5218
55839
80184
29956
79603
1124
11113
11113
134829
132864
64109
1453
1456
81566
79009
1665
57647
90957
1793
55619
1794
9732
1803
10148
8666
83401
23136
9852
112479
80004
80004
81553
2335
285527
285527
57704
2736
132243
3182
3376
22858
3645
10788
81618
284359
152789
221037
23189
10765
10765
9903
4009
4047
8216
9479
9645
51642
4628
399687
51126
9
3071
8031
4782
25936
4969
54726
26577
5046
23244
55274
8929
5294
51268
5351
5431
51367
5507
5727
5774
27342
5893
9693
9821
51308
54933
151393
56254
51319
795
25813
9733
85477
60592
57410
6389
6403
26135
6455
348235
283375
4090
23137
9892
161742
10734
10617
94120
6938
202500
9894
55852
117531
55863
160335
131601
57217
23093
7273
7306
10083
57646
63894
23230
55112
284403
80014
10897
79844
6940
55628
79755
22917
51134
388886
120071
8436
9868
