7105
8813
57147
2268
3075
2519
2729
4800
90529
57185
81887
22875
6405
54467
1595
889
5893
572
51056
9957
23072
8379
3927
29916
55365
4074
90293
56603
3382
79007
57679
8837
55471
10181
9108
381
23098
23129
204
2288
23028
10180
84254
5965
55610
126393
115703
4706
5166
51364
170302
10165
7982
996
3052
1856
5976
8935
292
55013
5439
56919
221981
3980
79657
81691
57019
56928
80256
51226
5577
10943
1387
9256
6936
84058
54677
55904
57414
30812
25998
23077
26224
5164
3675
7543
3920
79893
51573
55049
9244
114881
26022
9020
6833
11276
10368
54972
6863
6376
64847
8913
1750
4293
5898
80853
2115
55750
57157
9855
79017
10926
3475
1352
9569
54623
27072
9912
60528
79602
51265
57787
8842
115098
5048
4843
9703
8522
79090
4145
54879
8277
5080
113000
64285
55692
9254
8938
115939
9091
57585
55735
29116
5689
6853
3720
6792
57172
728642
65220
9940
9265
6856
1534
9043
1951
10157
51188
84954
4257
1407
4784
6482
5310
23542
9862
23221
54497
6224
7812
9690
5980
10178
199870
29954
51534
51085
9031
10048
83932
51603
8798
7756
7384
83930
928
57467
9918
25900
51533
56920
23166
80199
6540
3423
920
10233
22955
2534
3097
6924
11313
1185
9902
6534
10867
55727
9546
54903
51099
26993
54799
51096
54476
54902
5725
8193
9066
23395
5286
5329
54443
58525
23637
1634
54814
5536
23177
8491
7305
57146
2556
2067
933
7869
51360
2137
60481
8284
57658
55148
11183
30845
5704
23324
57709
5010
51629
9961
51667
5238
112611
1195
55703
23357
9604
1774
50865
10460
23376
23649
23144
823
4190
10463
1355
440193
10771
637
9782
64132
81551
23386
3670
55349
55830
27032
92745
10928
22902
1272
25937
8540
63932
477
55622
23187
56981
57586
6591
972
54764
23154
25960
55734
4331
23034
4361
58473
1992
6683
114879
9716
2273
51507
2554
55655
57210
9921
55778
64429
57476
6050
4719
9821
23071
211
11215
51022
6617
51071
11171
51177
2730
23304
30846
25901
58528
3298
51230
8630
10062
29781
10953
11231
23633
7431
8635
960
3755
56895
4285
5583
3459
11285
7444
7133
55591
65980
6642
9519
56938
9774
55334
286
51106
9135
23279
578
2896
51306
57514
55166
6301
8498
5926
7260
10908
8100
56052
55596
10061
54480
57554
2530
55236
9846
535
8554
9497
321
29128
5606
28990
25897
8504
11345
26751
84908
7414
55789
8439
159
7077
5981
55773
8452
9172
10858
26009
9099
27175
54888
54455
4238
84245
4234
175
259282
27430
23644
7204
1462
23274
23517
9765
79567
26064
11284
23035
54908
27067
54896
1497
65078
79142
1008
3631
5874
23026
55341
10039
3371
90326
55775
84883
55812
9440
54884
822
1175
54165
23338
7546
54802
153
9820
1495
5256
2042
3309
54960
8481
2824
80243
22884
64848
56474
51606
5431
56204
116984
7175
23247
84062
7504
57102
4134
57120
57646
9734
26262
51491
57545
50484
168850
92017
55173
2978
51773
10659
23196
23518
1298
4254
1161
9563
9341
8863
10911
4052
5982
57492
81037
23327
89801
3074
79810
340533
51528
27122
9603
63933
51474
25875
9498
10319
5733
5601
91522
9564
84067
9709
9454
5291
1535
84321
23593
10198
54477
80143
23223
57600
6307
23105
8574
51154
4826
55850
83714
55745
29945
27095
9967
29085
954
51742
23596
10806
5798
23095
2296
25771
23224
57475
10079
140689
23201
84957
2581
51602
26099
3757
8454
10827
26999
23118
116254
5610
57602
58508
114800
23369
84545
54969
51663
55609
112885
54542
7703
55540
10758
131566
6646
2665
9474
57458
57095
57504
8975
23200
5218
29927
4659
5923
816
9696
55718
493
9877
55781
54432
55706
1608
84256
64718
5832
5188
4084
5128
548645
6515
5662
9150
8531
55359
65125
55749
11054
2769
55650
10076
9410
23504
1301
79832
51660
586
51564
11178
10787
60488
2983
6433
10188
23041
1001
65056
84649
7771
1431
64951
63916
81671
10513
5424
124925
1975
29998
56848
770
11338
29924
55588
10838
8776
2817
57143
3029
6047
22998
55726
51768
53340
10402
9914
4804
50937
6873
28996
23534
100271849
8625
54929
9170
5476
10147
6558
28966
2139
1265
9627
11218
53339
55711
8537
22904
5378
10362
10203
6882
23294
8943
7629
9351
4913
54887
2773
3843
4942
10885
5586
57418
9697
9423
1606
2065
91526
3735
23536
10954
55633
4710
23013
4638
6416
55248
9892
9748
51167
55176
5588
7089
51665
83641
4199
23216
8621
10797
84679
55810
4904
5141
5525
1496
1994
7075
57609
6602
9682
4802
6550
25791
259266
64834
6688
30834
744
27107
4287
9950
2263
55631
51015
2009
60487
55623
91283
26153
55102
10565
57623
9650
10734
2235
4649
8653
5214
3422
1316
4756
23471
5255
7132
782
7813
9399
5315
54505
30836
79091
7158
7216
51018
387
1659
5590
55699
6857
3421
79641
57595
492
6093
865
5165
8692
9759
11186
2261
3430
63897
80347
79990
4205
7030
4943
2182
3632
27238
56850
24140
55771
65055
23250
25885
9741
57217
51447
55133
23191
3796
10235
23198
57560
22933
27248
5526
5837
375449
221395
54549
55746
64710
55737
10294
8514
10060
139341
4129
6095
7049
23285
483
9488
5597
10681
27440
7353
4040
57661
8518
4925
5217
5774
6710
23446
54916
23293
10640
10272
9993
55658
4335
79364
23210
5423
55808
55062
57704
3340
440
10947
26986
10420
29105
1459
11099
8891
815
6949
26031
2046
56852
490
8440
9448
11320
6160
9948
23161
6196
54556
22846
29995
114049
6400
9319
537
6929
28951
53615
6596
9130
60343
29894
79901
5134
55117
51109
5566
22859
87
23503
27330
22905
26469
55679
55515
10290
84708
224
7037
6720
27125
7321
64398
9886
8243
3028
2011
55743
29953
8974
4775
51095
37
6793
23291
1400
2121
51009
54847
54820
10335
79041
8907
7515
949
4171
56666
83642
5151
1183
54475
6389
6605
54752
5927
4185
5523
10979
5743
10644
9175
6480
10129
8301
4905
23332
65993
4854
1207
5522
8463
8726
54825
6620
7251
55421
489
771
11343
59277
617
9891
54878
8578
3998
51495
23140
2023
56005
51175
55160
9671
3785
64431
54962
6717
8672
79023
10371
51512
10512
55020
38
23151
9620
27332
55972
29090
119
9462
9605
4140
5250
2355
27092
285527
23505
6624
60
1739
7879
55973
25956
9733
23016
22920
23609
4175
25996
10179
5939
11176
25930
4292
7374
27252
8786
113235
5362
10615
7163
9618
55824
55094
22978
4162
2239
57662
5909
56949
9138
5609
8527
83992
51412
5915
7155
56889
4791
29089
54431
2975
3566
23032
5063
1641
56915
4034
143684
51548
10714
88
832
7107
79960
203427
7319
2260
2969
2192
4133
9063
273
369
56922
55331
3093
5289
55728
57103
7289
8871
108
54715
2782
1906
8028
55063
117
9452
4898
7419
5108
57690
9139
1620
83737
27039
58476
51150
54472
51619
862
9984
51661
114880
6507
56925
8569
7145
57455
56681
10411
29843
23152
3991
2222
5050
4983
3835
10590
55604
5236
1653
1785
2037
22999
26002
8417
9817
51006
285220
5991
55183
23011
8671
6595
27244
11043
50509
9933
1136
4850
5663
1371
56650
5891
3320
5933
22839
10403
23431
54665
260425
28962
1005
57092
55218
384
4208
79876
9262
8555
65094
11266
65985
9812
93664
56131
56142
56113
51668
23239
6604
55100
55437
9689
114899
4200
55322
905
57579
23136
1741
3776
56256
29093
25929
4986
4779
54437
2932
3693
23085
7514
11342
79728
23033
57226
594
7994
79670
9706
3842
5351
5026
3682
22894
10464
81550
26747
23047
5019
10325
1540
10998
25799
55659
55663
7554
6193
2195
91746
25978
64744
10450
10269
56910
84273
5978
54434
2950
334
57613
6579
51729
8668
79570
1307
200081
8648
60509
3797
10890
3030
22924
790
3732
63035
546
6880
55892
5550
57531
81929
22911
57590
29957
4216
29992
57549
5243
231
8895
54700
2017
4528
23259
2060
4258
10523
55054
55230
55624
8438
23139
3301
2683
51510
4799
27292
51194
27102
54749
29887
22929
10573
80271
55696
56605
54469
55787
5475
10075
9183
79796
8310
8898
23645
51171
7205
43
51593
581
51701
94005
56970
9489
5705
51720
4313
54947
2775
55239
6452
8602
118
79944
57544
51637
22795
64395
10992
57542
2778
10059
5744
116154
51290
7022
6790
8544
28971
5990
339175
29929
4849
5775
8886
8570
55741
1789
22974
81572
2036
23348
55608
23483
1795
51161
57017
64147
54675
23368
8455
54498
2280
55968
25943
57593
56265
57506
9762
22803
8655
54997
27131
6128
8550
5027
51575
10741
51433
9962
80024
29058
55184
84678
55617
4938
10985
6175
5829
23409
22895
55614
51605
1114
5037
8315
10961
4842
3476
53827
57655
9843
29965
23193
51291
332
8079
78990
57062
7597
25977
393
170961
55760
23186
55668
8425
645
6548
10558
10914
8812
57060
5996
83719
51650
4708
10726
10296
3383
29888
79594
7023
51324
51726
8646
2323
9727
84572
2802
8761
79603
57192
84196
1947
55066
16
2734
24137
27327
64857
10683
57106
57605
55763
54439
114882
54517
4897
3912
1738
23335
9352
3655
11069
51776
2271
23231
7018
55573
54890
83394
9552
23594
79776
57084
51530
26575
285
84336
4345
151887
5720
55012
54930
84502
23428
55644
51310
55072
23256
55632
25831
3183
11198
9878
8487
26277
57556
54822
7301
79968
825
8773
26227
1299
7430
4637
26523
27285
117584
79157
1808
7042
55105
10762
8318
1312
55862
9117
10013
3881
990
8697
8086
23468
51430
4436
4214
1725
29911
372
54566
55151
5711
23511
1384
10044
54187
55357
25861
55280
57715
9044
64376
1592
10580
55118
25805
51322
1390
10101
284422
3096
54209
6732
27154
55168
28978
114327
3326
988
3710
7738
23411
3189
80173
3717
25
11332
8317
5125
6319
11018
3983
79956
22931
8829
54873
23555
55506
23031
7593
79629
4650
5714
54620
112755
80270
9739
9274
1943
1153
513
4670
51257
4713
9524
26517
997
4507
283638
5434
5442
610
113177
8045
4616
5064
2872
421
27037
5902
29801
84861
9342
1399
8216
4320
27443
6598
9127
6545
23786
1652
2953
23523
83874
10291
2687
200312
23541
23384
23759
29799
6634
23481
5594
5625
9647
339665
8940
8220
4242
157
26088
7290
23616
23544
3956
89781
113791
23598
11078
24144
23464
1414
129138
51386
4809
85377
5435
6663
79879
9681
9463
23331
23539
79019
55964
10521
6942
150274
25776
56993
27156
7494
51493
25793
9567
84271
9609
7078
9701
6305
25777
10126
91289
25807
11252
25809
10633
162
10042
10043
4744
3162
27349
8563
4174
410
706
23551
23170
23492
5155
164633
55954
23543
9145
10454
84164
8897
54471
80339
4627
8911
25813
25828
80020
8664
23112
27352
11020
5816
23313
10478
55007
79734
6767
2033
83746
5905
23264
84844
50
171568
55687
5372
27351
64781
23774
23209
83933
54207
63874
23351
2287
56948
10419
1690
11154
79609
6655
51199
5836
114088
5706
64841
80821
1033
10175
10668
51382
5283
5684
10490
26520
9786
283578
10598
23002
9517
5641
8846
22938
1113
3705
51635
5494
57452
2079
3091
9766
1983
6547
23405
79038
4522
79882
9894
22990
51527
7443
9252
55671
60686
5693
7528
22985
9321
328
8106
10278
394
51550
6729
9362
57680
5106
9692
80344
5687
4792
51016
5721
84312
9985
10548
10484
51292
5411
5875
4776
5360
63935
2937
26133
5834
26090
10544
9837
22981
55245
23613
51098
4605
57446
84174
55969
140730
6789
23394
5203
55816
1477
655
8480
7165
80331
51497
1522
24148
81027
51012
11255
26164
5688
28231
4923
55257
10732
11083
54994
128414
55738
57642
1137
1917
26205
54976
25876
994
11237
10139
79133
57761
9770
1457
8760
128674
81502
9751
10483
343702
5173
140706
5332
10398
9777
51340
23509
25939
57144
9371
10528
63905
3420
22919
182
51654
6640
9675
1869
58490
11264
140679
1471
79913
10406
191
26051
81610
60625
116092
84557
79953
10005
57136
56853
9658
28316
22850
79863
9097
9218
64863
9663
23347
8736
10627
79959
29906
55125
8731
4092
9388
23253
8715
11201
57534
5932
8780
1478
5716
115201
6907
4935
10857
5422
4281
79576
55916
5634
56180
91851
64743
6839
8406
2742
331
10735
286410
4168
215
28952
6855
5355
5358
8260
5973
6594
5931
9016
2332
11040
10084
27344
2010
6901
5230
84061
6611
8266
83692
8411
6102
9767
5127
8237
9468
27336
7076
56062
27328
2245
5303
64840
10916
5935
11279
158866
1821
51260
2717
51566
56271
259232
2259
3356
54602
22862
81602
81617
8428
5611
8874
2254
143
10240
10166
3839
2321
28984
23078
160851
84056
26512
8848
1203
23295
23361
8717
3299
11151
5595
5257
57149
10204
9688
80152
55815
10725
83752
9683
869
23568
51090
23090
1723
10664
5432
50855
4324
79650
80777
29070
221191
4832
65009
5713
55238
55697
3038
79613
25839
55512
84138
9057
23659
80004
79152
79726
22879
56942
8312
54985
8131
23417
4350
54550
83693
9013
51172
58189
23406
9100
83716
7249
4833
4363
64788
2294
64428
64779
1186
84264
65990
8140
79006
79791
10273
9028
4682
7329
7783
1428
6650
9780
2935
7727
23059
56061
124454
23062
55313
57478
3163
9093
100529144
51283
6299
27324
5934
23475
29108
23322
4150
6810
10423
10295
84148
23420
51760
9738
57020
9810
400506
79719
114294
10391
1445
8925
9325
123263
51285
8120
23205
57722
8766
1512
64927
80381
57214
26015
9455
30844
25963
64397
4948
56986
23359
2553
7082
23312
29106
55192
8669
80208
171177
57617
11339
7782
26258
50804
23678
5157
79848
51201
55290
23087
79752
760
7976
55756
8767
4683
10404
1666
793
54928
6422
55353
55284
10940
79815
3551
5327
56704
54332
5862
3646
9694
10397
51101
3574
11075
55156
7227
6674
54108
83988
64089
51366
7264
65263
1936
6713
55174
90459
23516
66036
23484
10671
2936
5516
157697
7991
9639
54758
4173
427
665
4125
4924
27294
2997
1891
3191
4793
10382
54938
6625
1209
64130
284352
2217
55011
23370
92960
2068
84444
55111
57030
10535
147700
4066
4946
55621
79735
81576
53635
166
6449
81857
6618
28974
10469
729440
9466
7138
51231
26017
22870
84167
9441
93145
10270
10994
85360
6511
10775
898
8725
9141
84079
6217
92609
9149
2821
208
23646
57716
51588
9253
55702
56961
1155
79187
25999
23217
6510
25865
333
58509
26093
11100
51343
27113
7040
22898
55101
10226
79784
51073
6223
29997
7087
2109
29086
7297
11140
8775
10567
478
56917
5802
84518
1954
10945
9266
83743
2906
6320
3978
7728
8605
3036
9545
1628
374882
64748
54922
587
54531
57664
5518
30000
51398
59284
2639
1777
22983
79165
26121
29844
6142
3780
27106
5296
5864
51477
8178
23373
9757
11316
54555
93436
10430
4099
25789
7392
51599
79036
23770
57794
7561
6324
80714
2077
2931
57130
64763
2901
23094
23474
199731
56006
23080
154661
85865
1021
9512
10282
10135
221830
5445
3696
26959
11062
6671
29062
79872
1749
136319
5764
51678
1687
56829
4967
11033
94239
858
857
4233
64327
3955
221927
23288
7434
23554
6742
11112
8887
54504
1124
2887
83451
23242
55033
84725
6804
2617
2051
835
51142
3315
4885
11333
7586
8662
29886
4521
5803
6878
7965
7036
29999
64598
5118
10842
55131
84132
3614
3268
23658
5054
1174
56913
8985
6119
10467
24146
113263
9678
4899
54664
2146
95681
4232
57037
27075
5919
196
54927
28959
2737
5683
64983
644
55665
55069
6009
51422
165
5425
2645
9275
10652
26608
7461
7458
3984
6505
9355
2218
83856
10927
54981
23731
158471
1955
9830
7464
7046
10952
4969
54829
7091
26468
22949
80709
1759
2022
203
55664
55848
54662
57589
23081
23189
1993
23413
7016
57582
8939
10488
9827
8777
23586
8721
8395
573
2889
56654
320
23064
6456
5730
20
6461
54926
51010
7763
1855
54619
3257
5264
83937
23268
22841
6387
10613
8661
2662
79009
5599
11196
11101
54780
59338
27143
219699
64115
9806
10367
5532
54462
657
9562
59
3988
56652
84445
81855
6468
10360
80351
8729
57584
22849
79176
79004
51684
22852
91452
64077
23185
23560
26098
56647
55149
9148
9644
10531
79991
253738
10539
114815
54906
7511
9126
8036
7019
8030
8453
219771
6158
57178
56521
10105
64081
81619
9211
23232
57532
28964
6871
26574
79154
4302
5691
54883
6143
84961
10900
7343
5709
22794
51195
8787
54894
7473
443
5889
5414
9110
4591
79665
51174
3837
9570
55163
6198
80279
10951
9400
9487
2584
57508
23125
9969
2027
5216
26001
8402
51655
1145
10743
4927
708
642
1362
9527
57003
51003
1819
117246
11216
6603
3384
9144
27077
55813
1655
64149
9267
5717
3959
40
6347
5193
79132
2648
5878
4669
3292
6945
8506
2145
1277
51264
10493
55379
8153
10014
51747
4355
64750
1845
9343
3131
9120
5573
1949
7531
23531
29098
1801
5608
25979
26118
9368
26151
54868
90410
27346
30850
5376
9094
230
6830
83871
57649
55161
2557
57606
54940
23142
64854
26511
10874
8649
4790
4126
7323
5602
1998
4717
23158
27309
2549
11275
1363
7466
80273
2483
1182
51166
51809
1665
6649
51091
23321
55294
55296
7468
152503
57620
10227
2743
9693
83891
55325
51274
51088
25854
64151
7358
10891
29118
1410
10553
91057
7704
26610
8882
23788
23360
6309
56253
27087
3312
4013
3338
54414
29907
9404
23220
23130
10938
5007
81622
83480
28960
51111
55572
55291
6484
1374
595
79080
27339
79073
887
10612
26973
2348
24145
9828
22897
50862
57562
1982
374378
329
9354
1656
7379
867
5818
10114
25758
26273
8050
6506
29099
51296
4192
55626
8567
114971
79829
833
975
54733
55553
10944
9600
6207
9049
4728
1119
2965
84867
7450
5715
10536
8496
25766
11108
84274
6404
23603
41
65981
441631
83892
4891
9761
4598
81566
10645
506
10728
605
8825
79611
23371
57460
10988
4048
2004
6539
81029
55110
2305
56341
57097
10094
51184
51699
10635
23316
10019
54682
3736
1389
80724
217
1027
80018
79676
8099
4940
4939
4256
8437
397
2967
1967
57696
81539
79794
11211
5985
2054
22818
23329
55832
5869
56890
57122
4848
8914
11052
11103
51258
4839
1108
23074
50813
51147
2784
83461
56994
8078
7167
79158
84727
2026
1822
113246
10162
51559
64426
51026
5564
55907
29915
6489
9847
11021
1911
1337
5992
55188
8683
26127
1303
51567
29940
51389
51522
55003
2651
57150
4739
25842
79632
8732
4121
57515
51020
7164
135114
135112
9750
23328
10090
26271
54516
5467
2178
1432
222658
11329
6428
29074
4172
9025
221692
266727
22858
26268
9308
23195
55776
60468
10486
26036
9532
51715
9457
81491
202559
26235
892
1871
7803
10973
1297
9439
8936
2822
7915
55856
60682
6206
81688
135152
51053
55084
7101
8724
10767
5191
9841
9896
64065
57221
51696
57211
9749
7957
7922
5252
51596
135138
9444
10846
4188
7942
64094
896
705
84498
6908
5961
23506
5528
51069
5754
6722
23113
11165
10591
56940
55770
1347
55754
2762
26054
7422
8899
7272
2030
3910
57666
59084
9450
55914
56133
23438
83594
55722
4124
9037
11044
3157
1611
8382
10902
10112
3313
23107
5201
1839
4015
1007
10307
55374
6678
3550
3156
10087
23197
56132
26167
56130
8622
57396
56121
55819
54974
411
9685
7060
57472
7265
4437
5924
2566
900
1004
4001
57561
64083
10923
4883
83989
6897
4012
5810
55299
10723
10111
7903
10007
51294
6500
9631
5515
2246
2908
56951
23398
3977
373
80006
10802
79770
23548
5917
23286
9555
10915
1809
4090
1452
22993
57222
5159
8992
662
3274
1627
23567
90249
5067
10051
58515
93973
55171
51300
51185
604
84100
27031
51421
56954
26355
4968
3836
5096
7337
25852
80321
5947
55186
9616
7029
54464
8850
590
11235
5210
2257
5576
3280
7375
23527
1894
2771
10342
11334
10641
6152
11068
57415
8087
868
56987
55081
59345
84223
2632
7372
22916
8723
23150
54946
5361
523
80325
50512
10675
23276
22937
79858
11222
57088
51409
7867
93
57599
51122
64689
51555
9136
10057
84836
10289
26084
54800
23007
7433
6747
4820
1181
1981
28972
6787
6508
54891
1933
8745
1716
55233
55683
81562
6242
150465
200576
30818
4691
10120
80255
10096
57669
51639
51277
5443
10254
2820
1058
90
85461
7781
4358
2976
8890
29959
64838
10213
9784
100302652
5496
5136
92840
10297
6209
25801
7841
374291
84759
2888
79745
6711
550
57142
27429
84695
1796
56655
55704
9801
10314
84128
2202
55120
2335
6772
2744
64895
55825
25972
3485
84173
3488
9736
80303
10575
2677
23301
5013
10190
80219
23451
8869
9486
79031
25843
3336
55818
51652
7701
2274
27013
80146
10058
8576
3069
5510
23178
10494
3398
9014
3241
4953
57448
79954
55041
26003
6801
10153
23683
80067
25797
22930
8604
1746
1615
6432
6382
5334
6509
6654
7456
4999
9167
56902
5000
390
1386
63892
22848
66008
54980
7072
51449
2034
7341
4780
2956
65977
6697
2043
10056
7840
607
5396
1718
23341
4139
7143
79906
2882
27101
6342
60676
55103
9731
9917
127428
9528
115353
49856
51253
23463
6146
26038
5768
6814
148479
54206
11315
57535
271
6429
51102
3749
80267
79084
515
5906
3065
829
64766
127544
10067
55223
55870
58512
6421
58480
54856
9181
28956
4209
85440
6723
26232
26270
81563
54823
10459
9829
10625
90231
9927
60672
9887
23169
5321
1647
79971
7799
5997
6738
51377
10286
9295
1491
56944
23207
1429
10745
7709
23046
252839
54936
55700
10352
127700
64960
149371
8443
7257
54955
64121
6905
4811
3964
51440
4548
4610
57568
6018
8564
9132
9783
10000
2117
34
81849
23266
11240
6390
4237
80135
10765
6675
1486
5999
59349
84966
117178
54680
5929
57576
5129
8934
10628
1889
3155
2582
3399
4179
9129
51107
64175
6513
10969
991
9670
533
8704
10327
5052
8503
8548
57821
10560
2166
387338
50999
1810
1266
23215
2152
5825
8674
51611
58155
9588
55157
3290
27042
163404
9890
11123
25949
23443
3925
56181
57134
4751
6195
79947
29937
25936
5629
8289
1063
6118
5511
23673
54996
114883
51060
57488
10849
23184
5955
1509
10274
6794
4297
11181
56912
6543
11133
6230
83479
23271
22926
1421
55686
22868
8828
1385
8609
7276
9331
79630
23632
9789
6785
27145
1268
81573
84251
23469
5325
84085
9465
10981
6446
81847
1490
83449
26234
80306
10329
8673
64858
103910
2309
6185
60436
845
5311
9429
6696
8987
10983
64747
25782
196483
5493
29855
11278
7347
27253
64342
60526
57539
894
22936
57404
4709
23314
7320
9615
687
9414
84417
9270
51692
80235
205564
80212
84886
55127
9991
5887
23307
8727
54942
6418
5524
2733
51552
11064
22954
26190
26147
10783
54836
5537
4702
81932
92400
79109
8013
27130
57706
85365
2531
9525
148223
84878
56252
26094
51077
80127
91754
97
112752
10577
83544
64207
10965
9870
27030
23093
5826
1743
57718
7043
81892
4329
8111
8892
55051
51004
57862
23433
10936
9913
114818
1788
54867
54454
64225
51646
25940
84272
54812
29094
25927
53335
9419
4072
26503
79627
55719
3416
3437
3433
57678
51076
5507
26507
4601
10285
80007
26123
404636
60370
55717
79591
30819
2805
10672
284058
1394
1843
79646
7010
10171
79886
79817
2891
348995
25902
84918
57480
80177
54853
64411
56122
56124
63931
92344
39
6950
399979
51248
84955
56943
84930
56243
84898
80314
440073
84318
6883
55068
9617
29103
80209
51569
11193
1997
4093
10808
84078
29880
11340
2107
7045
51307
64374
51247
51780
1958
27230
22835
7181
27340
7112
400
83468
80298
8835
4801
51019
317
1846
1191
10174
2185
1135
5533
64236
2053
81790
29914
23435
51123
10434
83690
10987
157506
8165
8161
7706
59342
8405
10237
140735
81558
23397
23240
64282
113
84902
57616
55268
79912
3764
55269
1
65982
23024
6045
81627
26984
8702
80218
51029
9479
1408
9409
847
29990
7750
10804
64786
576
51538
2170
10657
55116
27246
84265
8743
51193
22865
5290
23244
11019
113452
3208
55791
23155
29899
79712
7852
92
51426
22987
6144
219402
2971
387496
5412
84248
130916
4952
51116
2331
57179
1314
9956
5930
29066
84947
311
11155
54537
84293
7755
79903
6125
57489
54482
25950
84146
79871
80148
27241
5395
83637
989
80820
55975
64224
11335
3181
30010
4852
84668
3624
11328
51251
10124
51622
27434
10268
29960
55234
152007
92014
1211
8434
48
23349
79269
1271
57670
8805
9469
55847
1959
11319
5033
8034
11130
9559
9904
11113
28981
35
84329
79039
23389
1031
26994
11228
8082
3709
55297
64168
11059
23597
10549
10212
5585
79002
976
84292
10755
57213
84650
540
57486
10133
80760
466
10102
4327
5204
65244
29095
3164
5153
1017
4035
60673
64375
23583
10376
55709
64756
55355
3598
262
29078
5354
9643
51209
139231
9367
79809
29994
206358
9926
50486
3759
57826
5393
81579
80776
79934
5208
10888
27161
10608
1164
2181
79586
23549
6560
84080
116151
79183
57580
57468
6385
8202
51604
57727
9217
84181
5335
6431
78997
10564
57169
1908
1434
57403
5740
6780
27304
8675
56937
55905
55661
27296
140825
4552
79072
5184
64377
10617
55577
84693
400961
11017
10199
10396
23326
64344
4693
8239
2162
2914
55809
29993
23408
57380
56897
88745
5269
57510
89845
5190
4835
221443
57505
6204
9477
9587
116138
4201
1026
6659
2739
57699
6745
83732
51299
51000
10799
6310
9972
7913
9521
9208
745
79026
55831
23019
26231
583
80262
2806
55715
84899
5911
10257
1948
11166
9375
65109
7737
23157
4694
27109
8603
2868
6662
399512
51081
23163
79637
79902
60386
57409
30833
55154
9329
64794
56751
79143
4987
79144
84269
51141
84172
54520
79085
2962
84266
8192
2892
57187
5469
9349
92335
84938
718
56927
2354
80207
6633
6253
24139
7408
8189
56261
27111
80025
22918
64412
63908
1059
9491
4821
92675
10616
56255
140901
80023
55317
650
23767
5126
8195
11034
24141
6629
92667
128637
3704
55321
83541
64949
56926
4435
10236
80818
4149
64860
10893
63941
3397
22913
83658
8894
51614
140823
11190
8242
154796
5690
192669
7389
6487
79639
79654
3831
7517
10426
55795
79414
826
84306
79171
10054
1340
7067
9572
83786
25824
83596
3276
6237
57479
23769
435
51119
8678
5582
10131
84662
84081
22826
27245
117154
171017
8409
2002
10245
64430
22863
57381
9787
3306
22890
57570
81537
26030
55288
2123
4974
55112
83543
286336
8021
8273
5605
3188
51309
59353
1678
55906
821
54973
64768
89846
59269
79717
64919
7186
79575
84239
57110
5908
117177
5787
8445
8089
65999
3425
53834
84286
79000
5300
54850
23065
5322
23352
50809
23309
79939
58513
10365
10975
2671
9143
9088
84219
146330
63922
51764
6597
23030
148022
8139
83460
79066
7277
7429
14
25953
55504
6049
1892
2791
7979
3092
5782
5447
10875
51657
2770
7978
8910
84060
64921
163131
57622
7538
79644
65997
10606
3791
5471
85378
54487
57168
23753
9514
7533
2781
4248
135
468
11135
2847
8459
4357
7263
23780
84645
3872
51234
7732
92521
9732
25913
9296
51691
222256
79706
7425
57464
64792
4289
4189
2318
64101
813
64753
6608
23008
4698
6183
4430
10651
1123
2571
64172
94101
8520
8924
6638
56984
57045
58504
440275
84952
29767
146057
90416
54617
79664
54567
54629
3712
90417
1854
79094
54982
10776
54832
91860
3671
4016
25847
8930
1315
5682
25870
23022
8424
26297
3746
1635
6665
54478
84268
5338
968
84817
482
9513
10749
9526
79148
79922
51105
23639
904
83448
65095
3609
57153
1032
57509
25983
84932
599
112487
10038
25938
58533
55837
112399
55320
4901
6035
4738
1603
64097
1036
7905
81533
84074
2302
6397
9459
2258
9070
80185
6192
58986
83475
23383
25759
79948
81926
6861
7137
863
2593
8226
55780
55274
79057
3741
9754
54857
6303
54552
23677
158747
57572
51295
3949
84337
5589
1264
8881
51337
5819
348
10452
10912
57631
1804
23039
147965
9667
2657
1463
547
84705
376497
55695
79709
79016
64981
25796
56995
51429
84816
55278
51250
83861
4298
4301
81
4705
10095
57688
23149
23025
55201
7837
170463
54858
25804
3727
54795
25830
10439
157922
10422
140685
140700
1289
25814
10844
50632
1571
10298
64793
6874
3911
9885
11047
23404
10585
83549
84929
84726
27243
9040
10155
84326
78992
84971
1968
54958
23211
4861
9535
4294
57470
83667
93974
54797
6249
9026
57693
56342
8666
83854
55337
1786
79088
6535
139728
1736
55558
4354
7776
56301
4037
91574
25926
10277
22927
11046
5638
7317
9104
85313
9590
23345
9113
25980
9584
84701
84905
2686
55902
23229
2670
51751
529
126299
1327
10328
23199
51659
5119
6451
1349
10487
5538
84440
51132
22
7187
93323
64432
9467
26061
9779
23473
23180
64145
117248
6533
3748
7376
94030
8572
11127
4245
9945
7283
10197
6155
29893
8639
47
84313
10266
4695
404734
1729
80762
7322
60412
116983
54991
8500
79652
84231
4814
4131
3597
54521
1160
84240
7153
10948
5914
84152
10656
9557
8799
10401
5565
9939
5160
10742
64087
55829
22856
6627
3996
55145
85415
83636
55860
145447
3958
3337
65249
84261
5989
79173
90379
54862
83546
4148
6737
54558
10489
3975
31
22907
5894
6538
23225
51478
23647
23378
26515
23167
55037
10989
51318
79781
80895
8864
10267
5791
5901
5562
23108
23277
10514
6117
5176
7326
60678
57533
85013
51805
25957
64208
23480
55915
63979
2926
26057
57050
3691
23558
3021
85451
91107
1984
23135
2874
54739
1742
10247
157680
4147
51308
6388
2319
26284
54496
51388
7014
27183
92154
116835
64773
6616
5111
29107
10621
54453
5786
7818
22889
63827
9826
60484
50717
23208
3508
91703
25974
1802
114034
4678
4595
56259
140831
55544
51526
10955
5509
8546
84327
10207
6860
93611
79363
842
51164
51761
23281
9205
10208
64328
51371
1024
241
10810
2835
1131
4628
10400
6341
23164
1116
5287
25778
254428
59352
9911
9201
8900
57511
7178
55425
5983
90627
79710
55859
84923
201266
2048
55643
84787
84330
5158
23640
1455
84250
55748
28992
54663
10313
4629
123811
84246
23037
22880
9215
474344
55303
90956
23608
116988
84626
4922
694
91298
79572
6441
84332
83857
3845
10526
51520
3612
85444
1875
29080
23075
406
10894
272
81846
9645
22800
3295
196441
51669
79845
78986
5977
4221
11161
80017
57578
8650
51241
23508
10001
1965
55140
157310
9811
83876
8932
51124
92259
891
1022
3656
8536
7428
8553
55207
9695
27255
10752
4212
79768
56851
2944
55119
10100
2949
2947
148281
84722
6272
5738
10542
4853
80263
10390
10717
8774
56907
51535
51303
377
79022
54407
10971
57498
9475
91543
4613
23175
129607
285148
3939
3572
89796
79577
10440
23418
6210
4677
2922
57614
84893
84991
54522
79746
902
85019
284252
91768
2012
6660
85004
80763
4038
1643
53
8933
9363
51634
9698
8565
1912
55143
29889
192670
51361
1573
91408
23318
84950
51444
55250
1837
80206
25941
747
29015
26519
9704
9415
746
55858
9575
5156
1284
9071
55082
54841
2073
7174
79070
79587
9743
3703
11095
2113
51014
324
9315
134430
26578
55312
29979
60560
55071
301
23670
23287
51280
9413
29968
81689
8728
51347
84749
10993
4440
6927
23014
84900
5025
92558
1840
10906
9988
79161
85025
100101267
29923
60561
6733
26136
29969
25821
577
22881
22832
10492
57231
4907
112609
2045
23595
167691
79899
4005
51317
55226
4076
85406
967
10220
27165
3679
9840
5959
116986
2647
1019
5502
6302
7024
93058
23017
9924
84872
91
10956
23416
84946
9053
8763
57224
54806
23493
5570
6610
64780
85021
84279
10505
10574
1961
26056
10322
2016
27345
9958
2799
1368
4193
79786
10200
9764
1783
6553
183
80003
3775
9816
54583
22796
23456
84284
27097
2752
10228
85397
1660
9857
80896
5279
84320
3915
149041
65080
55619
9654
57695
81618
5270
3300
64114
1593
9470
80210
51719
51455
84804
55654
9392
9648
64965
79074
26122
50649
23479
160428
55681
10970
10154
55198
11137
23325
84102
50853
2317
4752
5100
51028
79621
26586
9882
55901
79866
23143
8803
55213
29079
51131
83548
4008
9445
10253
55270
1910
1102
3936
83852
9805
79020
64759
55501
10643
10457
9771
5879
11014
11097
55146
28969
1607
9238
54606
3364
28988
83605
80727
221938
27141
91875
10588
11173
58489
3658
53346
10518
55316
4836
6426
7716
1101
51204
55852
10238
80774
11143
86
4711
57129
6434
6326
10716
64844
57471
10010
6498
2058
11311
51133
26750
83593
55627
55339
84317
79595
274
92856
9394
56886
2995
8027
2572
10006
10730
64215
25934
56262
23732
1025
7295
4957
27348
51759
10592
9314
1861
9649
64855
27090
7111
153090
6812
29988
23452
55755
7539
1318
1317
7099
7743
55014
9128
2356
10868
9550
54881
84253
54534
8818
158427
9568
5695
51531
10244
2800
7507
4686
5082
11224
81873
5168
79075
79139
4609
4856
90865
90871
26953
64425
9373
3590
55833
54840
152006
7094
25822
26206
11258
971
51754
9380
219
84681
84904
347252
55667
6194
10695
116113
51645
89953
63971
5292
2766
23070
25844
55362
10817
93643
3062
9856
63027
7280
55227
2295
670
8737
347733
84300
3159
6941
10211
8870
9656
84547
79969
7172
255488
11270
23787
57176
129685
51439
132864
85462
84709
9873
408
11309
5612
338699
10068
4926
60492
54843
27314
58487
2615
5547
79731
55298
29088
8836
81796
23213
96764
6386
4750
6653
84811
84259
10413
5962
5519
2230
64776
53826
57569
91801
5607
440279
58472
51496
79811
7057
23005
51203
51103
55142
23168
56965
54839
27229
55177
3706
55075
4091
5330
80021
56924
102
54816
80031
51187
2644
8412
79739
56267
2959
5876
10964
9411
204962
1629
8634
26160
85465
10669
3032
3795
109
5495
87178
51626
57223
80745
1545
5861
10097
10113
8884
9581
6519
11117
80204
6496
51374
79172
10128
1838
10121
79847
57559
84896
3832
10579
1847
51063
403
953
54536
51196
5950
51163
23317
310
317662
8031
100287932
51008
22891
6229
80312
471
50485
580
6775
79800
54529
29081
6741
4664
9360
79675
57520
3417
29789
9541
150864
55759
10152
3685
30061
55032
84925
57337
10063
55329
9101
9728
29766
84888
26035
83464
81556
54956
60490
10021
8482
84993
83478
8916
55008
57575
55435
51138
3184
5593
153020
22872
2247
55212
84162
658
5910
8654
7222
27163
53371
55589
9908
80144
950
901
246175
8615
8999
57619
306
27068
79807
57117
839
51176
3033
9061
10427
5530
64116
23162
5998
83606
91445
85352
2120
23710
55605
144402
51067
121512
58516
121536
53919
254013
55500
85437
84216
144165
51279
4704
9746
6843
55080
939
5830
196500
347902
9169
8499
84298
92979
11010
22822
55266
1848
282809
160418
4060
121441
50511
429
283431
121260
6996
84934
113675
326625
51228
9815
84260
84915
9818
9107
283537
6541
222484
6821
85478
6895
94
8620
79035
90634
6601
54934
91012
7786
51380
55716
60314
23344
7009
283373
115825
10161
2098
5925
55206
283385
65082
79720
54509
8562
122060
64062
84530
10150
85416
84945
55647
8451
6751
64403
161253
643866
4857
161357
81542
122786
57161
6252
145407
83851
122830
145226
8816
112840
27133
85439
145482
122953
10516
122616
7453
91833
81614
9990
4236
6938
6652
25764
146050
256586
663
2958
6727
22893
85455
146059
7090
54939
92912
2108
10363
49855
10099
80349
10499
79661
4123
55466
59274
3480
9960
585
5371
55180
25989
5046
10066
79748
145864
5428
6017
55215
11057
4916
55070
4240
374655
55898
8128
5045
8826
64784
79631
6457
23478
84656
5373
6524
7041
64755
79798
5073
79068
7385
1039
55114
85407
9785
54957
463
221184
10300
3801
283927
2653
123920
1009
8996
81631
8720
1012
57707
89941
6187
4716
5170
54849
22980
2588
2622
55090
9611
8533
79018
57336
8844
84916
57610
1506
81577
28987
5636
80179
11056
91608
58488
10040
55028
10140
55275
9905
9520
90507
85464
162494
22901
10351
92579
1213
54828
51651
6760
10939
10650
3613
2774
25800
55197
83608
2589
80816
116
64762
114799
114876
29919
27043
4864
6563
409
284111
55135
112483
432
7157
396
11322
9123
94015
10966
9775
1453
51529
6904
79672
26502
57521
3607
201292
57332
114804
22994
56270
8535
494470
54808
5596
55520
4152
4089
54877
147381
10609
115024
162427
8396
2064
84299
5409
342667
3487
60681
10907
29985
4782
91978
8612
5211
55527
93343
125972
6455
56931
91039
90324
641649
57677
23410
10410
30811
1291
3454
6647
1292
7226
57410
757
351
9980
9875
207
2014
10055
114783
79760
126374
81794
57140
11132
59283
126208
90580
10498
5694
25888
112703
6205
23521
90353
51070
402665
57333
473
79258
63976
1969
79180
5195
5226
83442
6135
51042
127703
79932
55194
10733
9064
54707
23038
3339
23421
26135
8915
3491
5567
10026
64129
113451
6202
11004
148932
8543
343472
22823
126969
3321
90874
55917
85369
5686
963
1952
23432
223
481
261726
29922
57645
25874
8804
55827
6258
7371
54499
5451
64326
51506
5498
83540
8490
6391
5202
9970
27005
5546
51093
79590
93183
844
81875
1382
3068
27
9213
6004
26092
148753
23179
127018
56956
58497
7286
10262
1893
57592
80222
81609
9869
4170
1513
5298
8394
55793
8416
8991
29956
2029
10500
65005
405
54964
51686
55204
126626
255928
3756
51514
8444
1939
25896
79805
9015
56950
55061
11221
7159
57198
8751
10899
5872
6279
7170
23557
11000
27173
10456
148327
1944
3782
25912
57459
3608
6016
65123
5313
57657
58
128061
2590
79573
51097
1130
9859
52
6726
4931
163859
8560
23219
375
29097
3707
2987
8476
149111
79169
129642
142
5664
29920
3930
2052
9580
55224
127833
127829
10130
388
245973
92906
130589
79823
27436
494143
6233
51542
55252
54465
9391
23020
64969
51002
23233
94097
113419
8446
84620
55258
5899
165257
80775
11159
6574
129804
84524
51601
151313
3899
23190
11249
339745
80731
2840
5433
83607
114805
8502
6323
57282
79634
80856
151126
23671
83879
1745
130507
493911
51454
165215
3329
151194
285175
151050
79582
285362
57624
84236
57007
55502
64708
129563
151835
132001
9686
5868
79137
58190
9125
57574
114790
29926
85403
152330
51143
114884
84892
729085
64651
54977
3680
2803
10217
9922
23066
5793
54756
55164
115286
9039
10550
7110
26018
8994
91775
55347
29114
285282
152404
64422
91653
58477
66000
116931
83939
10840
114885
7220
57552
93109
9711
275
6988
84276
9730
7873
9515
55840
9353
8893
9718
90113
1609
55646
1060
2044
132299
201780
58478
57563
6622
84992
93627
817
493856
115265
92610
166378
890
57721
80854
92345
55016
6423
56034
84869
8001
285440
4726
10299
85409
1016
6715
4651
54491
6167
6502
10769
5295
1404
10184
23635
10788
1393
5921
167410
54826
23262
5066
55814
64924
64839
56929
51397
9140
84466
81555
23092
9547
9879
153830
2559
2561
78991
2741
10318
10146
23138
55651
64777
91272
10814
57451
51256
10667
54438
54901
84249
26045
153527
26249
90933
192286
27242
22838
4594
255426
29777
170954
23500
90523
54511
222663
84630
202500
285855
4794
7162
134728
55023
167681
84553
10957
135293
57038
134829
2830
84870
93663
58527
154091
257218
51390
6993
57583
9589
9202
7432
79624
2768
84310
221935
79034
9586
1956
113130
3486
5814
4191
2631
908
5723
222255
64418
55262
56996
64599
56257
84928
92092
55281
11011
2041
64434
54892
357
51631
27147
30011
83604
94122
8573
7403
4478
55869
6567
79742
7569
56548
54539
9203
6872
4841
90060
10682
8473
29934
7552
5631
55086
3358
139818
3547
158763
2719
27316
79648
9258
26260
92002
50814
1069
55879
6134
55790
526
55246
79618
55909
51312
91782
11212
11160
54212
9705
8601
6867
51125
84513
54904
1392
137872
28957
51110
7013
6129
55638
92140
29967
9166
340419
5440
8667
84294
4715
83940
51059
7553
80728
93100
7436
50808
115426
4781
54801
203228
84186
26267
10280
84131
4915
414328
53358
549
84641
84909
54886
58499
58493
7357
401548
2040
2934
92399
286204
210
23245
114987
54107
6836
6834
6835
6838
6837
57109
6130
9328
140459
80142
28989
25792
114789
56904
84895
9536
90678
57720
286257
56623
9919
92715
4851
774
138151
9712
23412
22921
23590
221061
80013
221074
6251
56288
6935
220965
92211
5995
11128
26091
818
2746
3363
10556
118924
120
54788
1979
6934
4288
9118
282969
80313
92170
84504
196743
9446
6877
23082
85450
54805
22984
6001
84280
133
55327
57689
64852
51144
51074
25891
8525
10480
710
6749
5795
79096
84364
51501
143686
23052
79780
26011
871
726
92105
5058
6188
85463
4684
1813
4863
472
60496
89944
55004
2900
10525
57325
26007
9219
51524
3992
6094
256364
3619
9651
79869
26229
9538
1111
9638
90952
84623
6327
51092
84866
6876
128853
149951
85449
79980
140710
64405
149986
54915
81928
220064
83707
84304
5331
740
10435
2197
7108
738
5531
226
83723
8448
8479
9344
124446
22866
53942
283078
143098
2904
3688
1489
84159
57626
1006
55002
219854
114609
221143
26524
10284
23284
57536
220108
3176
116372
130576
27250
150
2823
116966
7424
84735
1740
11098
54545
22948
134145
1793
85458
1737
55216
26521
5805
5305
2308
51232
9871
23457
196383
57647
3708
23657
25819
219670
57512
196513
775
3742
7068
55768
54995
55293
144110
121053
90488
121551
89910
288
253430
196463
9231
114134
283464
5756
22982
1977
9223
93081
1456
153443
9472
64067
51562
2132
4718
10873
80224
140609
2241
63894
26019
8872
132320
83643
132321
55691
5800
2059
27034
29087
112936
23310
143187
5860
57700
121601
166785
152485
1909
4306
10570
3698
22944
5281
3628
54842
9781
8853
6868
80014
79682
2180
291
196394
636
60485
387923
51594
60558
2555
55835
26272
64417
79668
2674
143384
221336
7073
9531
144423
121256
29970
9910
148534
460
130074
4249
81615
253635
26353
79833
130733
79596
2895
6014
26040
120534
57724
498
115106
147339
57405
5163
10418
83439
127933
83734
134359
6695
117143
2977
143884
133746
9456
7518
374928
79723
10557
9397
219333
814
55521
678
255967
5213
114908
2893
8404
4154
133686
23171
2697
55676
53918
25780
51128
160897
10160
53354
9987
7402
2911
5796
9453
85445
115827
5884
9412
5352
55351
140767
152789
7545
166647
55203
10283
6728
64946
9425
23589
51061
1601
64682
831
60592
1047
1070
8467
654
283349
3192
25909
10461
84910
5801
4929
6328
55079
9481
51571
50807
22878
125476
79888
57407
124402
26175
3621
113622
25827
7342
64795
925
22934
114791
286343
154043
2960
10428
55625
221895
80790
80309
3773
55022
9320
130888
1054
79047
163175
23576
140890
1105
8526
9653
124540
781
221302
284161
116150
5529
10750
26289
256302
26256
55364
147463
135154
7070
123872
404550
219899
57338
56172
84959
54538
64221
84897
54463
1010
9868
200014
5578
201134
23461
7345
375056
84976
23043
83648
252969
84033
91694
81559
55740
126731
57630
9184
2849
388650
518
8470
6921
23643
1525
10950
54149
140578
4685
5137
54148
58494
522
2551
9510
80746
7476
7508
51244
152273
201163
285381
92106
23228
30827
9989
65258
124739
51560
146956
2047
84532
91369
7566
56934
81552
139322
113612
80028
7071
5799
51582
528
55529
51633
23097
112495
55326
64210
55361
83742
118813
401647
6782
29761
65983
388272
4343
389
333926
1622
6566
55027
84365
5018
23367
9337
2890
166968
23165
342357
138241
129831
11326
9601
79831
130535
285172
65062
8324
64798
56776
56254
9844
1836
134353
9443
10670
25769
92370
114
5922
55005
6503
51643
116442
286097
23426
137492
3798
84548
23362
138199
90550
91748
145483
2776
11197
83873
4325
132
3778
1633
9508
257
286148
128338
157657
123720
29104
10069
10600
10694
571
7102
7074
57466
23552
84108
122416
119392
22986
9556
5097
7381
51001
9791
5521
6156
3788
6832
159090
1915
3098
219743
84295
57497
4838
9246
25921
219541
60685
142891
137970
10813
9131
5603
9530
93594
55093
29028
114907
286053
115509
78994
64319
5261
64645
7547
115416
23355
2585
375323
93010
255027
701
5147
1974
7862
285367
6750
9797
6396
9941
123803
23057
9372
491
6529
23049
115548
7079
6854
54953
1376
55707
7804
261729
23648
3361
9069
4323
8321
57798
10901
11269
6483
197258
146433
115817
776
3815
132949
55799
54778
9133
145773
4643
26060
139221
134265
1831
10311
1859
3763
2114
90139
347734
84187
90993
25966
257397
124565
114991
9162
203197
79856
254048
673
84262
57728
84255
10239
150946
121665
56896
9364
127281
55229
84465
64897
5192
11079
55698
6497
26100
26119
116987
5051
2134
9577
63875
1844
91544
138639
79623
4690
114822
127262
195827
55113
26504
2140
2176
22808
10163
171586
55179
64084
81035
8450
387509
64849
26053
57477
3017
129531
9669
55571
3745
340348
23382
9334
9825
90121
55607
124245
130617
81544
1780
212
222068
84919
56946
137964
9753
8407
2005
56833
85414
54935
115992
4681
50848
7391
124044
4817
9191
92822
10361
65018
8703
2039
9507
64760
4720
115584
2207
84134
57805
57685
56990
51735
79053
54461
56683
8867
94104
3455
124995
3460
2618
6651
29980
9900
1465
714
516
1827
65264
11267
10642
873
874
388963
57369
23515
8208
3141
80274
83440
51094
51706
5710
23400
5692
7832
3099
715
11189
8659
117145
197131
267
112950
89970
60313
8883
51249
1636
9813
10417
84303
1487
51673
29800
9114
57732
146206
388284
9715
6002
5681
7791
29
284348
150275
4882
9310
10020
2909
1676
79140
55721
56063
55108
653121
29101
118424
149076
252995
2063
131076
8997
9619
89765
54020
5152
10785
4731
5316
875
23076
8566
2539
1476
56894
7109
8209
23308
755
81543
3689
85395
5900
84221
4047
7410
8888
23181
6285
3275
11093
11094
11182
138162
26086
126526
147746
286207
27433
30815
92799
10444
84885
29941
57731
84446
84814
57551
9442
162989
23387
116238
9159
6294
6271
643
51043
80308
6464
79671
103
55585
1141
200186
55129
2224
23623
79957
11243
9673
4000
151903
5745
56893
4634
221908
54865
112939
9592
84124
10898
4061
51160
84939
9684
136227
84988
8928
80228
54784
51149
8878
11282
6132
9794
222229
222236
5701
60680
126321
150223
1857
1173
55324
5130
126433
622
1346
84911
11072
115399
57125
93210
2905
2232
29115
51
5635
114757
6427
55260
126133
3678
25946
4356
124801
284361
126119
284069
113026
91010
113251
125950
147841
221496
115950
400569
58191
255877
8741
26168
1973
6154
51728
79622
339123
90864
80178
899
57465
51005
124222
114984
115
22941
81570
10825
220002
80150
2785
51035
283237
10629
10482
6811
84447
7542
8986
4041
219931
51727
79656
65260
54987
25973
23358
8613
79707
5563
9903
57643
10691
50651
57190
205
3716
55225
84328
116362
54751
374946
10630
9249
7805
9672
553115
81493
5928
57648
249
54361
54587
199990
4774
115209
114803
83941
7398
8880
11080
64123
127253
51375
8707
22854
284611
113802
148423
127002
115361
284695
339479
343450
178
7412
2135
148867
23528
10092
57863
84838
3765
93185
4921
8682
5824
23385
57216
25903
126823
148304
28982
467
64783
51278
25992
10380
79762
148362
51205
55083
163882
129285
55220
148789
9261
824
128308
80232
5194
84542
51127
130132
347730
51072
84661
79568
3754
26225
151354
3760
4760
2487
142679
112942
129401
165055
150726
72
80304
79677
7447
3020
56997
151473
7549
6443
130367
3625
129880
56916
10611
56957
23248
200539
4487
133015
388695
79005
6944
2071
284996
55677
388962
10602
90957
6280
7039
151195
4880
132789
2565
2560
152559
118429
113510
51023
8545
84142
151556
10654
57326
9076
90780
204851
151647
128240
56983
55356
476
6565
317649
116064
11167
25802
92703
92691
3490
200185
10109
7203
84283
6746
64320
27148
134
23380
57650
8320
57703
64343
7048
55139
79885
2199
79411
201595
131474
23114
5274
23122
8802
5584
3428
56648
151742
130026
23429
151987
29083
25871
8618
1040
23001
285521
5783
132204
80145
6314
9861
166336
152926
8833
25976
57018
5806
85443
7871
201895
11102
57406
323
84818
78987
285368
23350
64419
151613
25898
2992
84343
11073
6259
54861
7349
130557
22950
245711
57456
56992
23160
51304
7123
54585
79443
54859
151636
7707
9204
131601
55689
2899
64769
79753
7802
5437
28999
90407
6184
59343
26508
55764
5984
8314
7086
5580
91869
51460
26354
55193
23272
50650
7884
4043
26043
165918
54965
84448
64789
79078
114625
51058
9255
23173
79982
3015
51705
150159
133308
56898
10424
993
5364
79714
84126
51246
10252
8927
327
27152
22824
256471
80167
79012
84315
23132
51368
2912
1849
25886
132160
64850
80335
8492
9348
11341
4085
308
79884
2982
26269
80817
55314
51313
4886
4889
80155
27236
23379
64399
10393
6059
54726
11157
55751
90826
3673
4338
10085
153396
79993
91942
92255
202151
25836
285671
84059
91137
134429
5229
134147
133619
55109
55255
4724
134266
153642
22836
256987
133121
836
201973
51752
57587
9607
253260
167153
1879
57763
134510
84135
10412
84340
133957
94234
23305
23176
134549
2661
27089
10559
2898
2173
10370
153222
285761
94081
114801
57107
134957
221955
23366
29896
55568
79685
6208
348980
10466
63974
154743
54329
10569
6100
9232
819
168667
7559
222962
55536
221833
54468
222223
25862
23462
619279
2171
1278
26266
25798
22853
1508
64321
107
5828
5885
90390
5260
2020
27012
114788
23514
5001
54919
734
23353
55074
157753
115330
2852
340260
4846
79778
26173
1020
6522
10922
83590
154791
51808
501
221937
7534
79870
8323
115908
81034
25879
94241
55656
25962
2669
54704
9897
138716
84688
6619
57462
318
157378
11168
51271
54769
19
4783
2395
79698
116328
216
138050
80318
84267
3190
203286
84302
11244
1536
6990
58526
139411
57526
5277
55342
26130
84270
65268
195828
139324
4712
65083
158234
7415
84720
30968
254065
26050
9833
220213
94134
120114
143279
84889
254170
145581
118738
171546
7486
220972
1073
10910
2957
219654
283209
84457
220963
2350
3636
2706
51084
221035
220296
221150
221154
51585
63876
122769
55172
11067
7570
23588
161436
84881
382
123016
57156
58157
219287
5015
11164
51339
509
8559
83860
196740
7417
118881
6571
118987
84858
1602
23172
169714
63877
64324
10935
10495
27069
6621
23203
10807
11092
7248
3251
118426
138311
116225
219736
5979
9188
9790
57608
65991
90809
57447
55701
26012
51222
840
55088
56339
6297
142940
53349
143379
259217
10023
80019
122961
29763
145567
91252
5702
53981
64112
79789
29951
4745
9317
783
9200
221079
85459
3747
79101
25841
27291
154810
5654
9702
255394
161742
11245
83700
116173
55530
84706
81693
51762
27079
55662
4714
84936
6692
654429
29117
1152
115708
8945
27343
9529
25911
55323
8539
57567
79803
123228
221120
2562
8879
10818
10576
5092
25820
79827
55800
1353
7753
116159
8065
54838
119032
79156
55273
119504
6609
322
54765
3611
1200
8642
81832
1528
159195
119710
374868
9710
7275
79608
4004
3419
1381
122618
84460
143570
254225
6157
6764
124359
222865
55839
56672
23300
123775
440026
123169
7702
54495
4239
7465
5598
5579
50810
8509
4176
7551
7589
57494
146227
7084
23423
90701
65084
81565
6236
51647
7184
10904
780776
27018
80975
9382
144100
80095
567
9640
113201
164
89927
9665
113174
219539
5479
84191
9768
374654
197257
8800
124491
55897
348093
89797
162681
84516
54386
5347
10845
9880
10369
6866
23306
4665
23339
6778
219988
91419
114794
6809
54948
79837
54893
7529
6447
26585
222950
81628
115752
23582
4088
4130
91433
64400
59271
4141
114785
245812
2923
11051
129049
150290
7008
5090
5245
6632
201191
399665
2801
26995
51117
10999
81605
51148
57171
388389
2021
56905
57611
6668
10229
51704
1398
146378
26263
23102
84064
7644
3481
257160
51755
54920
51367
64772
10632
125058
146705
4645
10449
6786
6240
55128
64122
7571
126298
7769
7733
79759
9726
79001
762
55181
4218
2879
90007
55295
54815
4597
81620
51693
29123
124045
6137
121274
784
147015
90313
8085
84940
121268
7846
29946
53916
2819
558
57348
114823
148170
284339
116115
83696
7705
94274
10653
90522
85300
1613
1938
10036
80700
84717
10501
55311
64359
79850
51031
113655
90990
124935
83547
124997
63826
55720
124936
25818
5653
283248
51129
4701
51293
84926
3489
148156
4723
10263
254552
7001
79003
11314
283987
3396
10476
92162
6730
146664
7083
137695
84514
83986
90850
25837
64223
1877
1632
57524
21
54442
146434
54949
55048
5866
7439
2495
26580
5436
6520
117245
144097
89849
26005
9881
3921
956
1499
8772
4054
5871
51435
55872
5368
10980
5049
124401
84309
5867
3761
55209
114990
84376
93487
54541
3516
55788
29063
125488
2786
92181
28511
7266
64943
3800
4247
57215
27249
5162
54899
115294
200845
136647
11170
3660
4336
1524
123099
378
4735
84879
1841
6890
84289
23192
55159
91949
51362
10963
55806
11031
80346
203190
649
11273
9796
661
2237
8436
23255
2637
124790
2339
347735
60684
1128
1281
2675
3622
55602
154007
6575
83657
79089
6774
90204
8754
8313
157638
753
29100
53353
10768
134218
11142
255743
766
54910
26505
2948
54790
80319
79867
9677
10098
9925
54921
161823
9836
6645
22847
53407
27065
166793
85476
56884
55308
54851
10713
79155
388969
129303
51255
10791
123355
4144
57507
80723
3635
3954
92305
5480
153241
29091
2915
100137049
10815
221749
23620
1876
10116
54951
7386
5604
5650
3187
3667
4204
65110
254778
113189
25849
53944
90362
84632
6940
22809
7336
23099
126129
255738
23214
146395
4330
27301
197370
90693
5865
10421
10636
26000
10960
53917
27166
7059
55974
1942
51068
8706
114787
8988
7881
65008
55276
202374
64805
23251
9197
10073
8738
25942
200894
5747
5780
6039
51305
6335
6383
93380
83877
59339
25932
83987
196074
9839
2705
3094
283899
1677
27247
84168
150468
123207
83640
7798
284004
1816
699
83985
201255
1138
201254
10555
79058
2194
7555
64118
2873
51181
7580
9079
5881
3987
123591
22871
202018
7360
84894
3185
686
55454
5099
6091
57099
5028
1501
7480
9185
94056
8460
163590
4071
23252
2990
8019
51621
9758
23414
92595
79724
131616
10746
126789
83443
7584
126917
57555
1107
25924
214
7532
10477
116840
58485
9196
9283
375484
201931
51617
197320
123606
7324
23235
57484
1140
84640
140838
56985
2172
114825
55031
10015
7988
56246
84140
8427
2720
10491
3316
23587
152189
11337
9482
983
4798
56980
10678
2353
10972
4086
2018
9723
10446
7779
166614
91752
55890
222008
136
4255
3035
152518
160518
929
202052
202051
57148
84305
4862
164832
53343
5036
79071
5209
79905
23204
5272
57228
79192
1000
9229
6773
134492
26145
3308
83482
28991
83787
80196
98
80305
11016
9306
347273
23246
5429
143425
3790
3799
2861
11214
55038
195814
79145
3344
8493
25948
84864
51499
27258
9778
9788
79188
11236
6203
79042
7200
84437
4696
85315
26115
120526
112464
80310
1901
90161
26108
5569
2357
9637
83595
53838
883
4534
3643
55669
155066
5581
84522
10474
9655
29071
79095
118812
79894
55657
203245
2897
84233
55863
81603
81831
3726
219738
25928
4884
283742
57597
2548
124583
84287
50515
51013
5223
55636
541468
11076
3752
8862
27115
64979
147807
4163
57684
8941
92126
9533
171023
65989
24149
147179
84525
84230
26156
55144
5481
2110
59350
6902
4761
4135
9427
598
5356
112398
1826
22883
51523
10782
5293
84275
8507
80176
2186
284307
2857
57449
55729
198437
10287
6919
203859
8841
10243
57687
55092
23261
151827
2628
93426
4807
596
1503
85442
92342
170394
144699
5394
4815
4300
6241
51112
6227
55178
5728
6201
246243
5621
146
84978
361
83660
51030
7764
7857
91647
10465
83450
149840
221037
11346
4118
83452
7064
2596
253152
3913
10869
94103
8462
140809
9451
126308
51315
10201
54205
794
6641
79736
28998
10892
3400
2845
10605
114900
257194
7690
140733
1798
682
25988
253782
55352
112858
8708
669
10248
199857
8801
80765
27254
10231
3603
64137
2783
84331
9854
9915
55970
83886
171024
10978
221421
150678
54676
55277
53342
10690
9338
7572
79694
4299
9158
57571
54971
5499
3054
408263
5139
10125
118487
122704
10924
27289
5883
30008
8148
253725
80194
64393
6363
57175
55222
80198
29942
1072
23023
79612
80011
283985
326624
167227
254122
9420
5916
283848
54961
57546
6670
1657
254042
51162
55191
1717
26960
84153
338692
116535
4615
9943
23133
253558
10524
344558
79877
10777
93624
257236
156
5970
283450
55731
27235
51504
54674
22992
203054
78988
64318
150684
65059
4580
111
1163
225
22885
2745
9657
91683
2804
158399
56834
6623
79812
653784
8658
49854
56977
4296
10221
713
712
79625
4973
1605
3642
1600
64801
51126
440574
83591
256130
26472
10534
6599
5797
2286
7423
79834
29925
92597
90441
1464
257364
79873
29903
51134
11163
5091
286205
64802
78999
6573
9986
1964
256643
5707
26032
57493
124857
9804
3267
6777
1267
3728
9001
284131
57674
220359
1263
10276
23333
162466
80012
84733
27333
83759
84833
114897
115123
5936
152002
165324
8557
9973
84984
80311
200933
2787
253512
947
8722
253827
84311
23592
283951
345757
285704
57495
284613
254359
54931
23269
144577
54872
10594
112
5306
741
57659
23051
23612
253959
81554
3981
488
55055
6124
10302
402117
170261
26047
442117
158038
582
10260
9543
148808
246330
148014
388730
65003
127845
79647
266743
55167
133022
90806
7368
124152
6578
10781
3177
9024
11041
153339
285590
51574
143282
9975
25855
6138
132720
3265
6731
126006
9610
8322
57124
201627
201626
11146
10897
254263
51319
81490
125988
285315
26470
253980
2523
170506
84107
26259
64837
1488
9435
79683
545
11065
80124
1674
149420
92369
7189
55279
56945
55690
65108
80851
388403
253559
5708
22843
131408
1466
1649
5095
10540
79797
10106
9793
392
10025
9776
89792
8534
9537
100526739
22845
9134
85007
27257
8815
56674
56675
5771
84285
4087
8665
219749
285598
1212
5122
4023
64770
9092
55844
79772
57804
57628
10589
7351
83638
51642
5870
2072
11007
54968
6199
146691
146712
22877
7025
54998
158135
55508
169841
8607
4482
23399
2118
375757
10458
200407
340481
79666
9294
2
379
57633
63893
93129
84747
84617
386724
126792
79898
26471
9832
153364
286262
23630
113829
9807
8636
1479
7525
79643
55254
55346
284001
2290
664
339344
1149
80059
114926
25914
414149
29882
339487
159371
1351
54993
285800
79369
246184
51379
6051
163126
126272
9699
56888
283377
155382
161198
1196
254531
28232
79446
112869
11145
148252
2788
205717
124817
9920
84002
84823
51115
51320
220441
4642
627
79635
197322
666
401466
8851
256536
344148
80230
54621
284207
157769
55884
2902
6664
7298
5827
9240
56892
284358
23141
51078
84901
4062
387758
23625
6470
29952
9632
140775
4524
10522
283232
147912
23403
54503
153129
84942
5426
150368
6330
57453
391
283576
196527
403341
125228
6888
8408
284716
157807
6197
80324
80205
347862
11253
3738
8325
3737
7156
57513
253461
29928
3090
8541
125170
266812
167359
7182
2828
122970
284119
10425
10009
51046
56475
79751
79874
4808
475
79718
401474
497661
55367
3725
23283
2629
28976
23765
57104
57085
977
56975
25945
9772
2314
6666
85364
3766
66005
374969
387856
1176
2885
360023
7334
151188
30832
51272
60626
140461
388886
55929
4291
25915
205327
55620
51027
9659
1662
286187
4729
55152
85460
205147
254251
84552
285676
25970
143888
5339
441151
63917
114798
11180
282679
8834
117608
90637
389072
3350
84792
63973
100653515
57673
221294
2731
84987
157777
54681
196403
55175
404217
788
767
9852
2066
56998
80034
84875
23512
63899
115207
54913
2907
7056
9377
57184
22882
27132
284485
4351
339456
81575
144347
54512
147991
6879
5198
79415
2580
51341
7284
127254
80010
80169
55030
6415
27335
112574
9212
93621
285237
84314
23212
55920
54344
1537
5187
160335
2193
144108
55095
168537
80153
285343
2517
128218
144348
811
9500
143458
1002
5886
90480
256472
100170841
5781
54734
1198
23241
255520
1960
2262
64856
50628
24147
54813
7681
10472
81858
139065
79571
4261
2918
23580
144811
84232
51268
2307
1003
116135
91663
9792
29890
84948
23042
127003
22864
9378
22928
55017
79738
84922
22827
79077
51333
10194
122809
284273
197407
255043
1731
54952
11336
66004
9282
81889
157695
1104
8575
223082
55785
200150
4947
124808
386618
2535
166815
23060
5062
90411
283254
400120
2619
23526
374986
8204
168620
221687
85453
387640
151963
6752
84333
4081
55432
169200
1132
387914
53637
120103
253832
124961
389840
5464
27319
79929
10224
64388
6748
404093
23513
23510
728294
286077
118442
23760
90843
255252
64928
283554
284406
1728
64782
79147
126003
284439
124512
284615
284129
25994
79813
2149
64219
55526
5179
92815
5430
92293
284427
219902
23401
124842
388341
79701
9625
23109
168544
6657
5912
57621
84282
79777
6448
29072
259236
399664
51649
286128
54112
286451
205428
90355
57463
2827
6038
6478
22820
575
285195
84967
768211
64864
55343
10193
200205
79673
51287
5571
64785
64963
51363
25834
3418
7485
84629
220382
28955
55505
375061
30820
11022
9798
375748
64975
64764
8633
283989
56963
7318
51021
23641
51329
2131
6472
81532
84439
10159
124637
25825
7325
3739
2567
55137
338707
8905
65265
342945
157285
26233
716
388323
143879
54059
2055
11247
785
122553
55666
50801
147968
23265
3838
633
84876
79598
2242
51218
3985
84975
55256
201965
339390
6304
11248
1436
2049
389084
22906
23236
348235
4692
50863
7267
9312
283870
389075
25987
302
9628
164091
51335
2894
55794
64746
29035
345557
79087
50614
80781
8241
6165
6000
83733
94059
56849
28970
80254
6734
221178
10052
25904
9112
23705
5831
124976
161
6546
5121
18
1468
57118
145748
2621
57596
10082
389337
64478
11251
2842
5877
83698
91689
126567
4166
10856
390637
80164
754
51428
140701
9802
147372
9403
27439
9831
284656
202243
54880
8690
219621
158358
126075
10946
2903
6753
140460
646892
11219
57634
493753
51118
8624
253143
54039
84193
388121
84133
23194
128989
119559
116541
220929
56941
441061
64410
55039
359845
9241
7378
4978
10186
146223
23585
29110
23466
10607
83999
150209
57528
148641
386617
90187
221303
389677
286826
114781
256281
339416
29944
2863
55243
10766
149563
219527
5613
387893
131096
6525
151649
28958
256933
256435
8073
71
23258
56616
26276
29796
54954
8663
7122
8508
6900
3786
152
126382
79174
152579
140739
3768
54328
5504
64061
283871
11066
3654
84319
116448
5101
641371
220323
220
5463
80213
10078
5587
254887
374977
26576
6586
1946
256714
1435
8398
26039
3751
116447
9276
80764
253769
10587
4303
5454
11156
5627
374659
162239
51286
9021
84189
11260
340061
5142
8303
90134
4753
9968
10801
138046
139285
9923
5413
56478
619189
25923
55967
7327
340562
23762
201501
79135
51334
54732
1812
25880
9823
284098
90135
6612
83943
3714
391356
146198
79050
4700
57537
80757
10572
140707
8694
6092
26985
2157
22888
23764
2972
10509
10519
56899
7469
57419
404672
23768
80789
51065
11124
255275
131583
56160
3297
387263
27124
317781
283820
59307
7127
353274
51186
9230
10196
55015
285755
283991
54033
64409
389493
339230
54622
8558
6948
10634
23545
5071
283643
266722
9146
126282
5892
5600
51263
123283
64754
25840
374920
374395
285513
80233
3665
26013
79184
9899
5592
7026
4045
169611
6667
64976
440097
389119
64714
10336
89782
5034
5719
5087
56901
677
7332
54014
8224
333929
79842
404220
730094
4733
51479
253943
105
10718
399947
3434
159013
56479
80333
10933
348793
1762
79581
51227
5833
339983
10134
79896
140691
527
3916
84197
200942
54093
5727
146760
79447
286183
55599
10308
8660
23299
55217
84631
22821
51079
84924
64853
84529
120227
157567
23396
10773
130355
10623
51741
338657
283149
51082
84937
89958
128178
64757
345079
55330
114792
57496
64222
2558
4675
23621
7058
6256
200035
55922
342035
3840
4674
6228
54331
27445
401190
3638
23040
84065
151011
114826
23131
4771
7328
11104
116985
90668
55615
80829
284018
144233
139599
493860
613
758
139886
474343
8372
147645
84307
100101467
53373
10614
79955
23275
4137
200728
349667
23390
55893
5465
256949
129080
138428
51259
91582
285382
7003
5333
885
957
4673
152100
6585
130574
342865
374955
54460
55182
57698
23270
91404
23048
79659
4059
222194
349136
2057
1630
51616
9863
338645
375612
11261
387763
3767
1282
2701
51182
51547
9742
7874
342977
378884
28986
200424
57335
9636
400566
148398
404037
26059
145173
81848
51393
94107
79875
2563
6917
79840
2175
79048
10507
125704
10445
64170
339559
3006
57048
1978
550631
116224
342979
729956
401944
50626
92737
339451
126432
729967
29978
353116
123904
284434
10123
100130519
7477
6300
1287
375790
376940
389541
5575
123879
55957
163087
401541
5359
375341
387712
388228
2963
137392
54914
282973
2844
1121
63915
283652
389792
3014
84570
10772
3040
285193
4077
57186
27158
154215
1201
6613
340719
84247
140576
375743
389073
29780
7390
51114
344901
375567
340277
144404
23029
10811
130612
8326
399473
5549
4520
388336
199953
387921
441168
84464
9045
149297
85302
339287
120892
642938
79979
401494
257177
26155
25920
23036
283219
163081
4697
121642
51136
5649
347
3005
9516
196528
23450
388552
222698
51155
6284
54510
4128
145853
7259
55629
80317
27341
132660
9679
23254
728661
9729
23708
84933
400745
282991
11122
4604
50859
23424
90835
653319
4661
12
8644
26010
58500
151525
6275
79633
36
83931
9725
64218
54737
6261
9901
63939
84458
6829
5478
57573
2917
8464
60491
3376
9883
29068
54413
1604
131034
147929
84628
1995
11091
9361
8295
55190
79754
222553
388324
5770
51466
2050
2547
9858
9819
148266
79693
27153
30849
285971
6399
140465
6477
140680
2104
79711
9612
132946
54834
51434
6536
60312
4666
399687
165679
54785
4122
8912
55959
3048
23654
55966
4646
57591
3066
6925
65267
57001
3269
55684
23660
91392
51399
150737
55532
9895
643836
112479
7442
57473
4763
154807
1612
85301
2760
5456
961
7088
55534
29966
8187
89853
64771
100
10865
160760
374354
140612
343990
6334
23365
9260
2316
57522
10447
161424
57181
160
57717
199704
170384
54554
642968
11152
51108
29950
541578
57541
309
2764
147923
79830
4097
92714
3482
79690
1778
388662
84619
123096
80055
6714
399909
51703
23507
11194
27044
5718
84435
140688
9583
10438
23061
25959
2961
8831
128486
6840
51592
26020
57162
79027
219927
91373
136051
104
3064
23729
3652
93377
4217
55753
373156
3182
50861
5154
89887
81031
84154
142678
4644
10533
26037
92104
57799
23556
10210
10242
955
84188
65250
56882
196385
6709
4828
152687
55742
57565
92689
6120
5253
6231
5660
6281
6168
1675
79892
122773
6884
284323
55210
79607
23315
55924
8733
9719
54557
388536
81553
4641
28512
23303
128
9356
6687
388585
30001
8263
89848
6277
6136
26052
9019
23230
4155
54898
64881
55035
51135
115948
9228
28977
57089
63925
84549
63934
140885
2870
5557
54708
7541
23607
9814
57209
337876
1902
26275
161145
65124
54989
57708
10905
258010
90987
65992
7027
55713
51170
23334
83694
10381
777
54870
11325
55315
59286
9931
89894
54963
5178
55153
7745
144717
219844
340578
415116
439
444
200734
11060
2673
7405
50618
10724
9747
7296
441478
147949
140883
83699
148741
51441
55319
3127
51062
7975
7594
11321
9358
118472
199692
283518
11169
1500
7919
23237
131870
9874
987
9745
4326
11177
10920
4194
6262
55958
27347
221477
338811
9652
286319
9060
10479
22909
9086
55705
80184
112770
23116
28514
10455
10497
8861
81706
9646
64093
51734
347731
22834
57154
6526
63906
9578
5365
23127
92241
26049
91603
116443
29883
25829
2475
192683
25925
57795
9860
4860
22887
140467
113402
2913
283489
22876
140606
51465
4976
9909
6263
11179
112970
51714
22899
9760
9853
11153
58505
91300
116461
26046
146923
2869
55253
25853
57713
114824
23137
55170
149345
85457
7150
9055
80823
4215
3897
6721
339448
221002
51490
9666
9851
9937
79065
353
9737
9755
57692
80108
134548
84456
1756
9848
4668
23381
26128
7052
54470
9867
6096
259230
64423
2812
84288
116228
1122
375057
128387
388722
389432
2214
387103
503542
619208
399818
8528
196051
134701
2664
55251
54345
54923
84455
221424
340543
90196
158931
3633
129807
9935
26146
26058
257407
55680
65979
84243
83849
55219
57683
1616
659
10471
6015
7923
6257
339229
1302
6046
3108
1290
5696
6891
3122
1306
4855
5089
6048
10554
63943
64978
8859
1797
6499
7936
221527
6392
10919
143903
4758
3304
3303
3305
57819
7407
80737
55777
7920
80741
1460
7918
57827
728215
55937
7916
199
4795
90233
54535
8449
221545
28973
5514
23
80742
780
2794
3133
56658
90317
6992
57540
10399
11138
554235
4340
84335
2550
5987
116540
6311
1639
57469
29902
3104
440145
390205
728568
56114
9752
56141
56143
56144
56146
56147
10206
84501
84912
79583
339453
643965
286144
55851
65986
201725
55366
5699
100134938
1874
5150
6643
56953
84324
9289
10527
25851
388135
255919
4676
254863
1375
3150
414918
51451
388931
150383
91750
8110
144363
6453
9946
285636
192668
403313
10215
10921
57523
131118
90861
3039
57194
389161
23617
201475
3105
201562
23243
131965
114786
2878
1734
23012
22908
7247
55652
50840
388327
441518
727800
54627
51157
84258
23636
375035
11116
2532
255758
1427
1396
151230
286827
10962
9311
154313
84960
728489
6827
4893
51239
81890
1147
83463
2946
84342
84986
55559
3931
221914
125113
6494
55333
402
10011
23234
414919
594855
7416
51075
3073
4722
54741
81606
5500
63940
51517
1388
11277
1903
54978
1192
23564
534
2968
51202
2013
147040
147699
151295
1773
145553
1454
10379
2592
3046
390916
30851
8906
55739
100271849
2595
124641
26140
29803
6150
79086
157574
7106
8904
339231
57128
10195
79729
51024
8926
255374
387104
79441
387804
92482
57412
440503
51400
10809
64506
23053
7866
100188893
221092
125150
11331
84461
137886
55670
134121
134111
60493
57594
1654
64601
85508
55628
6139
283514
6248
729515
56900
8718
100131187
10437
51192
51025
55714
163033
440400
25858
25817
648791
375190
645191
100125288
6844
5534
2189
9179
5348
91584
1052
5520
10626
53822
3995
81669
9374
222234
118460
6293
548596
10715
114902
80772
92340
221710
284184
344
401399
9842
57636
348262
51406
392617
647310
9277
8505
113178
55009
643988
1719
146542
221823
284106
3281
6222
6892
51372
28985
201229
8490
2876
6234
399697
7726
730130
345462
344
342918
441869
390616
83552
8705
9278
58486
84752
91368
1159
5863
729993
3833
339804
90120
81567
652968
7844
10432
84964
56136
4830
8742
23559
51373
51608
158
280
58496
5698
5098
90639
84129
53938
358
10687
401387
56097
115557
57665
257068
4282
221078
57002
27297
57026
79897
9936
80864
9551
553158
10093
1325
10552
8577
539
80301
541565
23761
5297
11217
25764
23600
51537
398
26286
632
23089
3692
56098
55052
348110
26063
2790
340526
9907
8637
9553
57553
56134
11037
11230
27342
114299
24142
3588
116143
4831
389125
7268
64968
84450
95
9054
1650
147007
55861
2119
10137
91179
152206
151516
7335
10443
1050
55766
192111
11344
92935
593
56135
25864
100526772
23354
56138
441027
10016
56139
57604
389203
400916
27239
6414
85358
100526739
56137
26025
168455
56100
388610
56110
56108
440138
552889
5591
56109
9708
9724
56106
56105
56103
8641
339324
56099
56104
56112
441381
1937
84769
729991
22997
10072
55845
57132
493861
23741
56145
81488
91893
1519
161582
85027
3145
373863
11232
79159
57189
26065
2342
10330
100134934
91612
124944
51750
80864
4157
90799
10381
116068
79178
26589
