5310
7812
8452
57492
58508
4756
9759
5991
2033
57680
5411
23394
57508
9969
51111
27086
55870
4297
23469
54897
10492
51317
4076
6326
6812
6601
7090
80816
11004
23126
6323
287
58499
1859
26053
714
57551
22941
23001
80155
7248
114785
1499
55209
118812
5728
283450
1106
9024
8408
23040
1778
8831
221092
85358
388021
2904
23028
10943
57585
9369
57554
10659
26999
51564
29998
9892
8621
6602
6093
27125
8301
862
10847
22839
57060
9739
6942
394
80331
23090
7249
9780
4150
1209
2051
196
57582
7468
9828
1822
2566
6711
64207
54454
51780
114784
23389
8239
8242
27245
64919
58513
23499
8924
6874
3021
5786
10250
55643
4212
6660
10574
8737
8499
23067
6252
4089
126374
2590
55252
26019
678
4929
5789
3778
9372
6529
23049
6497
3745
6651
201595
4783
158405
26130
2200
164
90007
29123
23524
51362
4204
23119
23261
78999
57493
390212
29882
1196
57453
55920
2624
9378
22827
1132
2131
339976
57496
27445
1282
200424
23036
23365
7541
777
1500
55777
7916
390980
84258
9757
9256
51773
816
10787
1183
3785
23505
60
1785
7514
25831
9044
3096
4627
8911
11083
9658
8848
1186
84444
9441
58509
9600
4739
23683
9829
8289
4053
2185
84181
84969
3007
6310
57479
23352
9002
863
1289
10155
1786
23199
284252
9698
3703
23162
10499
463
773
23476
1952
1956
6934
54805
26011
57338
3798
55083
22853
64324
5979
2562
222950
54815
283987
5871
1501
55636
1826
5293
221037
5139
22992
22885
253959
442117
55690
10522
5339
57673
11336
84629
338707
71
64061
3714
283149
613
375790
199953
79633
9901
8295
9858
8912
6709
340527
84627
23129
5980
11215
2324
7175
23013
6710
3340
9620
2975
7994
10075
83394
25
23774
23405
22898
2901
1277
6830
1981
7143
23240
23030
56995
3996
22907
89796
153090
80000
57451
4851
2911
80309
152273
57732
4041
114548
1938
2186
7764
26960
23241
5430
57634
7058
196528
28514
23053
