6326
23394
57680
85358
8831
27086
23126
51111
5728
57492
55870
80816
1106
2904
1859
64599
10765
6529
57551
287
1788
1778
6601
4204
23389
6812
11011
10716
9969
1499
8452
5991
51317
58508
23040
6096
79718
4297
23001
55209
80155
55777
6942
29123
9024
23229
51322
22941
4763
10522
1654
253738
1826
7812
23135
57649
9378
4076
53335
6497
5528
10847
10492
64207
6323
8939
7248
219899
777
5079
5087
9568
3184
26053
26115
6734
1173
1938
9166
6874
27245
4306
4212
4929
23112
1175
862
5718
2554
3786
8945
55036
7483
10787
58499
10926
6934
23534
221092
26999
2290
4849
10253
9741
5609
2131
9320
259232
79813
23469
23392
3785
3069
6418
2891
7090
6746
2803
2562
54578
8507
28514
1183
64895
2200
56853
9603
7314
10915
114783
80274
51496
1760
23096
54897
8940
55643
54870
112939
55023
54575
9759
43
10979
80331
6857
55079
2670
8408
51177
4150
8697
23613
65056
9739
9940
84911
55556
5274
5253
23030
7763
9880
9853
10771
23314
81558
4208
196
123169
57479
8864
2033
4091
3778
220963
2783
394
57526
2591
26049
64283
7716
25929
4783
9778
6304
57214
57148
126669
8532
57338
5218
1209
114785
781
7857
5717
1804
285600
6664
5536
29998
22826
4353
10664
54476
60684
7534
245806
8694
3720
84909
22827
10943
6576
10724
10072
51704
64101
112885
343071
23338
57508
5763
5662
347741
863
64320
55858
6660
7025
84231
8459
316
4154
84440
23167
2566
9033
5929
27000
256158
8974
3326
56302
57491
6566
388585
377
79893
56034
4089
4121
11344
3706
9586
9762
10608
90007
