9739
6884
113802
10659
9013
9899
58508
50614
4288
6601
57680
9821
1327
64400
84878
586
51533
84166
55269
57185
6326
3312
5909
59269
22827
57175
23259
131544
2892
28964
8454
1806
51347
116840
6821
23039
5187
113
197258
26960
4204
3265
7862
7204
130355
7809
55505
22992
6002
4282
55379
403
51126
51388
9588
11200
90355
60676
266812
55824
1521
9140
149428
51700
115650
84162
92667
150763
5705
10342
9230
79142
929
7200
5079
5297
1833
10402
5274
5627
3732
3626
1129
158234
8900
342667
254359
390748
90952
56244
4674
144321
83692
27245
92703
55245
27329
57463
7368
1497
3632
11101
344838
29035
55620
9486
5929
8942
283742
118813
8448
90313
55775
27013
11245
7571
5164
5287
25769
5916
5660
7756
122773
9123
55278
22806
50624
10121
80173
405753
59307
4885
147923
3383
3836
23648
23237
55183
10296
51096
53371
200734
7915
